0.0000, 0.0000, 0.0000, 0.0000, 0.1434, 0.6330, 0.00222
0.0000, 0.0000, 0.0000, 0.0000, 0.1434, 0.6330, 0.00231
0.0000, 0.0000, 0.0000, 0.0000, 0.1434, 0.6330, 0.00240
0.0000, 0.0000, 0.0000, 0.0000, 0.1434, 0.6330, 0.00248
0.0000, 0.0000, 0.0000, 0.0000, 0.1434, 0.6330, 0.00256
0.0000, 0.0000, 0.0000, 0.0000, 0.1434, 0.6740, 0.00222
0.0000, 0.0000, 0.0000, 0.0000, 0.1434, 0.6740, 0.00231
0.0000, 0.0000, 0.0000, 0.0000, 0.1434, 0.6740, 0.00240
0.0000, 0.0000, 0.0000, 0.0000, 0.1434, 0.6740, 0.00248
0.0000, 0.0000, 0.0000, 0.0000, 0.1434, 0.6740, 0.00256
0.0000, 0.0000, 0.0000, 0.0000, 0.1434, 0.7150, 0.00222
0.0000, 0.0000, 0.0000, 0.0000, 0.1434, 0.7150, 0.00231
0.0000, 0.0000, 0.0000, 0.0000, 0.1434, 0.7150, 0.00240
0.0000, 0.0000, 0.0000, 0.0000, 0.1434, 0.7150, 0.00248
0.0000, 0.0000, 0.0000, 0.0000, 0.1434, 0.7150, 0.00256
0.0000, 0.0000, 0.0000, 0.0000, 0.1434, 0.9170, 0.00222
0.0000, 0.0000, 0.0000, 0.0000, 0.1434, 0.9170, 0.00231
0.0000, 0.0000, 0.0000, 0.0000, 0.1434, 0.9170, 0.00240
0.0000, 0.0000, 0.0000, 0.0000, 0.1434, 0.9170, 0.00248
0.0000, 0.0000, 0.0000, 0.0000, 0.1434, 0.9170, 0.00256
0.0000, 0.0000, 0.0000, 0.0000, 0.1434, 1.1190, 0.00222
0.0000, 0.0000, 0.0000, 0.0000, 0.1434, 1.1190, 0.00231
0.0000, 0.0000, 0.0000, 0.0000, 0.1434, 1.1190, 0.00240
0.0000, 0.0000, 0.0000, 0.0000, 0.1434, 1.1190, 0.00248
0.0000, 0.0000, 0.0000, 0.0000, 0.1434, 1.1190, 0.00256
0.0000, 0.0000, 0.0000, 0.0000, 0.1458, 0.6330, 0.00222
0.0000, 0.0000, 0.0000, 0.0000, 0.1458, 0.6330, 0.00231
0.0000, 0.0000, 0.0000, 0.0000, 0.1458, 0.6330, 0.00240
0.0000, 0.0000, 0.0000, 0.0000, 0.1458, 0.6330, 0.00248
0.0000, 0.0000, 0.0000, 0.0000, 0.1458, 0.6330, 0.00256
0.0000, 0.0000, 0.0000, 0.0000, 0.1458, 0.6740, 0.00222
0.0000, 0.0000, 0.0000, 0.0000, 0.1458, 0.6740, 0.00231
0.0000, 0.0000, 0.0000, 0.0000, 0.1458, 0.6740, 0.00240
0.0000, 0.0000, 0.0000, 0.0000, 0.1458, 0.6740, 0.00248
0.0000, 0.0000, 0.0000, 0.0000, 0.1458, 0.6740, 0.00256
0.0000, 0.0000, 0.0000, 0.0000, 0.1458, 0.7150, 0.00222
0.0000, 0.0000, 0.0000, 0.0000, 0.1458, 0.7150, 0.00231
0.0000, 0.0000, 0.0000, 0.0000, 0.1458, 0.7150, 0.00240
0.0000, 0.0000, 0.0000, 0.0000, 0.1458, 0.7150, 0.00248
0.0000, 0.0000, 0.0000, 0.0000, 0.1458, 0.7150, 0.00256
0.0000, 0.0000, 0.0000, 0.0000, 0.1458, 0.9170, 0.00222
0.0000, 0.0000, 0.0000, 0.0000, 0.1458, 0.9170, 0.00231
0.0000, 0.0000, 0.0000, 0.0000, 0.1458, 0.9170, 0.00240
0.0000, 0.0000, 0.0000, 0.0000, 0.1458, 0.9170, 0.00248
0.0000, 0.0000, 0.0000, 0.0000, 0.1458, 0.9170, 0.00256
0.0000, 0.0000, 0.0000, 0.0000, 0.1458, 1.1190, 0.00222
0.0000, 0.0000, 0.0000, 0.0000, 0.1458, 1.1190, 0.00231
0.0000, 0.0000, 0.0000, 0.0000, 0.1458, 1.1190, 0.00240
0.0000, 0.0000, 0.0000, 0.0000, 0.1458, 1.1190, 0.00248
0.0000, 0.0000, 0.0000, 0.0000, 0.1458, 1.1190, 0.00256
0.0000, 0.0000, 0.0000, 0.0000, 0.1482, 0.6330, 0.00222
0.0000, 0.0000, 0.0000, 0.0000, 0.1482, 0.6330, 0.00231
0.0000, 0.0000, 0.0000, 0.0000, 0.1482, 0.6330, 0.00240
0.0000, 0.0000, 0.0000, 0.0000, 0.1482, 0.6330, 0.00248
0.0000, 0.0000, 0.0000, 0.0000, 0.1482, 0.6330, 0.00256
0.0000, 0.0000, 0.0000, 0.0000, 0.1482, 0.6740, 0.00222
0.0000, 0.0000, 0.0000, 0.0000, 0.1482, 0.6740, 0.00231
0.0000, 0.0000, 0.0000, 0.0000, 0.1482, 0.6740, 0.00240
0.0000, 0.0000, 0.0000, 0.0000, 0.1482, 0.6740, 0.00248
0.0000, 0.0000, 0.0000, 0.0000, 0.1482, 0.6740, 0.00256
0.0000, 0.0000, 0.0000, 0.0000, 0.1482, 0.7150, 0.00222
0.0000, 0.0000, 0.0000, 0.0000, 0.1482, 0.7150, 0.00231
0.0000, 0.0000, 0.0000, 0.0000, 0.1482, 0.7150, 0.00240
0.0000, 0.0000, 0.0000, 0.0000, 0.1482, 0.7150, 0.00248
0.0000, 0.0000, 0.0000, 0.0000, 0.1482, 0.7150, 0.00256
0.0000, 0.0000, 0.0000, 0.0000, 0.1482, 0.9170, 0.00222
0.0000, 0.0000, 0.0000, 0.0000, 0.1482, 0.9170, 0.00231
0.0000, 0.0000, 0.0000, 0.0000, 0.1482, 0.9170, 0.00240
0.0000, 0.0000, 0.0000, 0.0000, 0.1482, 0.9170, 0.00248
0.0000, 0.0000, 0.0000, 0.0000, 0.1482, 0.9170, 0.00256
0.0000, 0.0000, 0.0000, 0.0000, 0.1482, 1.1190, 0.00222
0.0000, 0.0000, 0.0000, 0.0000, 0.1482, 1.1190, 0.00231
0.0000, 0.0000, 0.0000, 0.0000, 0.1482, 1.1190, 0.00240
0.0000, 0.0000, 0.0000, 0.0000, 0.1482, 1.1190, 0.00248
0.0000, 0.0000, 0.0000, 0.0000, 0.1482, 1.1190, 0.00256
0.0000, 0.0000, 0.0000, 0.0000, 0.1506, 0.6330, 0.00222
0.0000, 0.0000, 0.0000, 0.0000, 0.1506, 0.6330, 0.00231
0.0000, 0.0000, 0.0000, 0.0000, 0.1506, 0.6330, 0.00240
0.0000, 0.0000, 0.0000, 0.0000, 0.1506, 0.6330, 0.00248
0.0000, 0.0000, 0.0000, 0.0000, 0.1506, 0.6330, 0.00256
0.0000, 0.0000, 0.0000, 0.0000, 0.1506, 0.6740, 0.00222
0.0000, 0.0000, 0.0000, 0.0000, 0.1506, 0.6740, 0.00231
0.0000, 0.0000, 0.0000, 0.0000, 0.1506, 0.6740, 0.00240
0.0000, 0.0000, 0.0000, 0.0000, 0.1506, 0.6740, 0.00248
0.0000, 0.0000, 0.0000, 0.0000, 0.1506, 0.6740, 0.00256
0.0000, 0.0000, 0.0000, 0.0000, 0.1506, 0.7150, 0.00222
0.0000, 0.0000, 0.0000, 0.0000, 0.1506, 0.7150, 0.00231
0.0000, 0.0000, 0.0000, 0.0000, 0.1506, 0.7150, 0.00240
0.0000, 0.0000, 0.0000, 0.0000, 0.1506, 0.7150, 0.00248
0.0000, 0.0000, 0.0000, 0.0000, 0.1506, 0.7150, 0.00256
0.0000, 0.0000, 0.0000, 0.0000, 0.1506, 0.9170, 0.00222
0.0000, 0.0000, 0.0000, 0.0000, 0.1506, 0.9170, 0.00231
0.0000, 0.0000, 0.0000, 0.0000, 0.1506, 0.9170, 0.00240
0.0000, 0.0000, 0.0000, 0.0000, 0.1506, 0.9170, 0.00248
0.0000, 0.0000, 0.0000, 0.0000, 0.1506, 0.9170, 0.00256
0.0000, 0.0000, 0.0000, 0.0000, 0.1506, 1.1190, 0.00222
0.0000, 0.0000, 0.0000, 0.0000, 0.1506, 1.1190, 0.00231
0.0000, 0.0000, 0.0000, 0.0000, 0.1506, 1.1190, 0.00240
0.0000, 0.0000, 0.0000, 0.0000, 0.1506, 1.1190, 0.00248
0.0000, 0.0000, 0.0000, 0.0000, 0.1506, 1.1190, 0.00256
0.0000, 0.0000, 0.0000, 0.0000, 0.1530, 0.6330, 0.00222
0.0000, 0.0000, 0.0000, 0.0000, 0.1530, 0.6330, 0.00231
0.0000, 0.0000, 0.0000, 0.0000, 0.1530, 0.6330, 0.00240
0.0000, 0.0000, 0.0000, 0.0000, 0.1530, 0.6330, 0.00248
0.0000, 0.0000, 0.0000, 0.0000, 0.1530, 0.6330, 0.00256
0.0000, 0.0000, 0.0000, 0.0000, 0.1530, 0.6740, 0.00222
0.0000, 0.0000, 0.0000, 0.0000, 0.1530, 0.6740, 0.00231
0.0000, 0.0000, 0.0000, 0.0000, 0.1530, 0.6740, 0.00240
0.0000, 0.0000, 0.0000, 0.0000, 0.1530, 0.6740, 0.00248
0.0000, 0.0000, 0.0000, 0.0000, 0.1530, 0.6740, 0.00256
0.0000, 0.0000, 0.0000, 0.0000, 0.1530, 0.7150, 0.00222
0.0000, 0.0000, 0.0000, 0.0000, 0.1530, 0.7150, 0.00231
0.0000, 0.0000, 0.0000, 0.0000, 0.1530, 0.7150, 0.00240
0.0000, 0.0000, 0.0000, 0.0000, 0.1530, 0.7150, 0.00248
0.0000, 0.0000, 0.0000, 0.0000, 0.1530, 0.7150, 0.00256
0.0000, 0.0000, 0.0000, 0.0000, 0.1530, 0.9170, 0.00222
0.0000, 0.0000, 0.0000, 0.0000, 0.1530, 0.9170, 0.00231
0.0000, 0.0000, 0.0000, 0.0000, 0.1530, 0.9170, 0.00240
0.0000, 0.0000, 0.0000, 0.0000, 0.1530, 0.9170, 0.00248
0.0000, 0.0000, 0.0000, 0.0000, 0.1530, 0.9170, 0.00256
0.0000, 0.0000, 0.0000, 0.0000, 0.1530, 1.1190, 0.00222
0.0000, 0.0000, 0.0000, 0.0000, 0.1530, 1.1190, 0.00231
0.0000, 0.0000, 0.0000, 0.0000, 0.1530, 1.1190, 0.00240
0.0000, 0.0000, 0.0000, 0.0000, 0.1530, 1.1190, 0.00248
0.0000, 0.0000, 0.0000, 0.0000, 0.1530, 1.1190, 0.00256
0.0000, 0.0000, 0.0000, 0.7854, 0.1434, 0.6330, 0.00222
0.0000, 0.0000, 0.0000, 0.7854, 0.1434, 0.6330, 0.00231
0.0000, 0.0000, 0.0000, 0.7854, 0.1434, 0.6330, 0.00240
0.0000, 0.0000, 0.0000, 0.7854, 0.1434, 0.6330, 0.00248
0.0000, 0.0000, 0.0000, 0.7854, 0.1434, 0.6330, 0.00256
0.0000, 0.0000, 0.0000, 0.7854, 0.1434, 0.6740, 0.00222
0.0000, 0.0000, 0.0000, 0.7854, 0.1434, 0.6740, 0.00231
0.0000, 0.0000, 0.0000, 0.7854, 0.1434, 0.6740, 0.00240
0.0000, 0.0000, 0.0000, 0.7854, 0.1434, 0.6740, 0.00248
0.0000, 0.0000, 0.0000, 0.7854, 0.1434, 0.6740, 0.00256
0.0000, 0.0000, 0.0000, 0.7854, 0.1434, 0.7150, 0.00222
0.0000, 0.0000, 0.0000, 0.7854, 0.1434, 0.7150, 0.00231
0.0000, 0.0000, 0.0000, 0.7854, 0.1434, 0.7150, 0.00240
0.0000, 0.0000, 0.0000, 0.7854, 0.1434, 0.7150, 0.00248
0.0000, 0.0000, 0.0000, 0.7854, 0.1434, 0.7150, 0.00256
0.0000, 0.0000, 0.0000, 0.7854, 0.1434, 0.9170, 0.00222
0.0000, 0.0000, 0.0000, 0.7854, 0.1434, 0.9170, 0.00231
0.0000, 0.0000, 0.0000, 0.7854, 0.1434, 0.9170, 0.00240
0.0000, 0.0000, 0.0000, 0.7854, 0.1434, 0.9170, 0.00248
0.0000, 0.0000, 0.0000, 0.7854, 0.1434, 0.9170, 0.00256
0.0000, 0.0000, 0.0000, 0.7854, 0.1434, 1.1190, 0.00222
0.0000, 0.0000, 0.0000, 0.7854, 0.1434, 1.1190, 0.00231
0.0000, 0.0000, 0.0000, 0.7854, 0.1434, 1.1190, 0.00240
0.0000, 0.0000, 0.0000, 0.7854, 0.1434, 1.1190, 0.00248
0.0000, 0.0000, 0.0000, 0.7854, 0.1434, 1.1190, 0.00256
0.0000, 0.0000, 0.0000, 0.7854, 0.1458, 0.6330, 0.00222
0.0000, 0.0000, 0.0000, 0.7854, 0.1458, 0.6330, 0.00231
0.0000, 0.0000, 0.0000, 0.7854, 0.1458, 0.6330, 0.00240
0.0000, 0.0000, 0.0000, 0.7854, 0.1458, 0.6330, 0.00248
0.0000, 0.0000, 0.0000, 0.7854, 0.1458, 0.6330, 0.00256
0.0000, 0.0000, 0.0000, 0.7854, 0.1458, 0.6740, 0.00222
0.0000, 0.0000, 0.0000, 0.7854, 0.1458, 0.6740, 0.00231
0.0000, 0.0000, 0.0000, 0.7854, 0.1458, 0.6740, 0.00240
0.0000, 0.0000, 0.0000, 0.7854, 0.1458, 0.6740, 0.00248
0.0000, 0.0000, 0.0000, 0.7854, 0.1458, 0.6740, 0.00256
0.0000, 0.0000, 0.0000, 0.7854, 0.1458, 0.7150, 0.00222
0.0000, 0.0000, 0.0000, 0.7854, 0.1458, 0.7150, 0.00231
0.0000, 0.0000, 0.0000, 0.7854, 0.1458, 0.7150, 0.00240
0.0000, 0.0000, 0.0000, 0.7854, 0.1458, 0.7150, 0.00248
0.0000, 0.0000, 0.0000, 0.7854, 0.1458, 0.7150, 0.00256
0.0000, 0.0000, 0.0000, 0.7854, 0.1458, 0.9170, 0.00222
0.0000, 0.0000, 0.0000, 0.7854, 0.1458, 0.9170, 0.00231
0.0000, 0.0000, 0.0000, 0.7854, 0.1458, 0.9170, 0.00240
0.0000, 0.0000, 0.0000, 0.7854, 0.1458, 0.9170, 0.00248
0.0000, 0.0000, 0.0000, 0.7854, 0.1458, 0.9170, 0.00256
0.0000, 0.0000, 0.0000, 0.7854, 0.1458, 1.1190, 0.00222
0.0000, 0.0000, 0.0000, 0.7854, 0.1458, 1.1190, 0.00231
0.0000, 0.0000, 0.0000, 0.7854, 0.1458, 1.1190, 0.00240
0.0000, 0.0000, 0.0000, 0.7854, 0.1458, 1.1190, 0.00248
0.0000, 0.0000, 0.0000, 0.7854, 0.1458, 1.1190, 0.00256
0.0000, 0.0000, 0.0000, 0.7854, 0.1482, 0.6330, 0.00222
0.0000, 0.0000, 0.0000, 0.7854, 0.1482, 0.6330, 0.00231
0.0000, 0.0000, 0.0000, 0.7854, 0.1482, 0.6330, 0.00240
0.0000, 0.0000, 0.0000, 0.7854, 0.1482, 0.6330, 0.00248
0.0000, 0.0000, 0.0000, 0.7854, 0.1482, 0.6330, 0.00256
0.0000, 0.0000, 0.0000, 0.7854, 0.1482, 0.6740, 0.00222
0.0000, 0.0000, 0.0000, 0.7854, 0.1482, 0.6740, 0.00231
0.0000, 0.0000, 0.0000, 0.7854, 0.1482, 0.6740, 0.00240
0.0000, 0.0000, 0.0000, 0.7854, 0.1482, 0.6740, 0.00248
0.0000, 0.0000, 0.0000, 0.7854, 0.1482, 0.6740, 0.00256
0.0000, 0.0000, 0.0000, 0.7854, 0.1482, 0.7150, 0.00222
0.0000, 0.0000, 0.0000, 0.7854, 0.1482, 0.7150, 0.00231
0.0000, 0.0000, 0.0000, 0.7854, 0.1482, 0.7150, 0.00240
0.0000, 0.0000, 0.0000, 0.7854, 0.1482, 0.7150, 0.00248
0.0000, 0.0000, 0.0000, 0.7854, 0.1482, 0.7150, 0.00256
0.0000, 0.0000, 0.0000, 0.7854, 0.1482, 0.9170, 0.00222
0.0000, 0.0000, 0.0000, 0.7854, 0.1482, 0.9170, 0.00231
0.0000, 0.0000, 0.0000, 0.7854, 0.1482, 0.9170, 0.00240
0.0000, 0.0000, 0.0000, 0.7854, 0.1482, 0.9170, 0.00248
0.0000, 0.0000, 0.0000, 0.7854, 0.1482, 0.9170, 0.00256
0.0000, 0.0000, 0.0000, 0.7854, 0.1482, 1.1190, 0.00222
0.0000, 0.0000, 0.0000, 0.7854, 0.1482, 1.1190, 0.00231
0.0000, 0.0000, 0.0000, 0.7854, 0.1482, 1.1190, 0.00240
0.0000, 0.0000, 0.0000, 0.7854, 0.1482, 1.1190, 0.00248
0.0000, 0.0000, 0.0000, 0.7854, 0.1482, 1.1190, 0.00256
0.0000, 0.0000, 0.0000, 0.7854, 0.1506, 0.6330, 0.00222
0.0000, 0.0000, 0.0000, 0.7854, 0.1506, 0.6330, 0.00231
0.0000, 0.0000, 0.0000, 0.7854, 0.1506, 0.6330, 0.00240
0.0000, 0.0000, 0.0000, 0.7854, 0.1506, 0.6330, 0.00248
0.0000, 0.0000, 0.0000, 0.7854, 0.1506, 0.6330, 0.00256
0.0000, 0.0000, 0.0000, 0.7854, 0.1506, 0.6740, 0.00222
0.0000, 0.0000, 0.0000, 0.7854, 0.1506, 0.6740, 0.00231
0.0000, 0.0000, 0.0000, 0.7854, 0.1506, 0.6740, 0.00240
0.0000, 0.0000, 0.0000, 0.7854, 0.1506, 0.6740, 0.00248
0.0000, 0.0000, 0.0000, 0.7854, 0.1506, 0.6740, 0.00256
0.0000, 0.0000, 0.0000, 0.7854, 0.1506, 0.7150, 0.00222
0.0000, 0.0000, 0.0000, 0.7854, 0.1506, 0.7150, 0.00231
0.0000, 0.0000, 0.0000, 0.7854, 0.1506, 0.7150, 0.00240
0.0000, 0.0000, 0.0000, 0.7854, 0.1506, 0.7150, 0.00248
0.0000, 0.0000, 0.0000, 0.7854, 0.1506, 0.7150, 0.00256
0.0000, 0.0000, 0.0000, 0.7854, 0.1506, 0.9170, 0.00222
0.0000, 0.0000, 0.0000, 0.7854, 0.1506, 0.9170, 0.00231
0.0000, 0.0000, 0.0000, 0.7854, 0.1506, 0.9170, 0.00240
0.0000, 0.0000, 0.0000, 0.7854, 0.1506, 0.9170, 0.00248
0.0000, 0.0000, 0.0000, 0.7854, 0.1506, 0.9170, 0.00256
0.0000, 0.0000, 0.0000, 0.7854, 0.1506, 1.1190, 0.00222
0.0000, 0.0000, 0.0000, 0.7854, 0.1506, 1.1190, 0.00231
0.0000, 0.0000, 0.0000, 0.7854, 0.1506, 1.1190, 0.00240
0.0000, 0.0000, 0.0000, 0.7854, 0.1506, 1.1190, 0.00248
0.0000, 0.0000, 0.0000, 0.7854, 0.1506, 1.1190, 0.00256
0.0000, 0.0000, 0.0000, 0.7854, 0.1530, 0.6330, 0.00222
0.0000, 0.0000, 0.0000, 0.7854, 0.1530, 0.6330, 0.00231
0.0000, 0.0000, 0.0000, 0.7854, 0.1530, 0.6330, 0.00240
0.0000, 0.0000, 0.0000, 0.7854, 0.1530, 0.6330, 0.00248
0.0000, 0.0000, 0.0000, 0.7854, 0.1530, 0.6330, 0.00256
0.0000, 0.0000, 0.0000, 0.7854, 0.1530, 0.6740, 0.00222
0.0000, 0.0000, 0.0000, 0.7854, 0.1530, 0.6740, 0.00231
0.0000, 0.0000, 0.0000, 0.7854, 0.1530, 0.6740, 0.00240
0.0000, 0.0000, 0.0000, 0.7854, 0.1530, 0.6740, 0.00248
0.0000, 0.0000, 0.0000, 0.7854, 0.1530, 0.6740, 0.00256
0.0000, 0.0000, 0.0000, 0.7854, 0.1530, 0.7150, 0.00222
0.0000, 0.0000, 0.0000, 0.7854, 0.1530, 0.7150, 0.00231
0.0000, 0.0000, 0.0000, 0.7854, 0.1530, 0.7150, 0.00240
0.0000, 0.0000, 0.0000, 0.7854, 0.1530, 0.7150, 0.00248
0.0000, 0.0000, 0.0000, 0.7854, 0.1530, 0.7150, 0.00256
0.0000, 0.0000, 0.0000, 0.7854, 0.1530, 0.9170, 0.00222
0.0000, 0.0000, 0.0000, 0.7854, 0.1530, 0.9170, 0.00231
0.0000, 0.0000, 0.0000, 0.7854, 0.1530, 0.9170, 0.00240
0.0000, 0.0000, 0.0000, 0.7854, 0.1530, 0.9170, 0.00248
0.0000, 0.0000, 0.0000, 0.7854, 0.1530, 0.9170, 0.00256
0.0000, 0.0000, 0.0000, 0.7854, 0.1530, 1.1190, 0.00222
0.0000, 0.0000, 0.0000, 0.7854, 0.1530, 1.1190, 0.00231
0.0000, 0.0000, 0.0000, 0.7854, 0.1530, 1.1190, 0.00240
0.0000, 0.0000, 0.0000, 0.7854, 0.1530, 1.1190, 0.00248
0.0000, 0.0000, 0.0000, 0.7854, 0.1530, 1.1190, 0.00256
0.0000, 0.0000, 0.0000, 1.5708, 0.1434, 0.6330, 0.00222
0.0000, 0.0000, 0.0000, 1.5708, 0.1434, 0.6330, 0.00231
0.0000, 0.0000, 0.0000, 1.5708, 0.1434, 0.6330, 0.00240
0.0000, 0.0000, 0.0000, 1.5708, 0.1434, 0.6330, 0.00248
0.0000, 0.0000, 0.0000, 1.5708, 0.1434, 0.6330, 0.00256
0.0000, 0.0000, 0.0000, 1.5708, 0.1434, 0.6740, 0.00222
0.0000, 0.0000, 0.0000, 1.5708, 0.1434, 0.6740, 0.00231
0.0000, 0.0000, 0.0000, 1.5708, 0.1434, 0.6740, 0.00240
0.0000, 0.0000, 0.0000, 1.5708, 0.1434, 0.6740, 0.00248
0.0000, 0.0000, 0.0000, 1.5708, 0.1434, 0.6740, 0.00256
0.0000, 0.0000, 0.0000, 1.5708, 0.1434, 0.7150, 0.00222
0.0000, 0.0000, 0.0000, 1.5708, 0.1434, 0.7150, 0.00231
0.0000, 0.0000, 0.0000, 1.5708, 0.1434, 0.7150, 0.00240
0.0000, 0.0000, 0.0000, 1.5708, 0.1434, 0.7150, 0.00248
0.0000, 0.0000, 0.0000, 1.5708, 0.1434, 0.7150, 0.00256
0.0000, 0.0000, 0.0000, 1.5708, 0.1434, 0.9170, 0.00222
0.0000, 0.0000, 0.0000, 1.5708, 0.1434, 0.9170, 0.00231
0.0000, 0.0000, 0.0000, 1.5708, 0.1434, 0.9170, 0.00240
0.0000, 0.0000, 0.0000, 1.5708, 0.1434, 0.9170, 0.00248
0.0000, 0.0000, 0.0000, 1.5708, 0.1434, 0.9170, 0.00256
0.0000, 0.0000, 0.0000, 1.5708, 0.1434, 1.1190, 0.00222
0.0000, 0.0000, 0.0000, 1.5708, 0.1434, 1.1190, 0.00231
0.0000, 0.0000, 0.0000, 1.5708, 0.1434, 1.1190, 0.00240
0.0000, 0.0000, 0.0000, 1.5708, 0.1434, 1.1190, 0.00248
0.0000, 0.0000, 0.0000, 1.5708, 0.1434, 1.1190, 0.00256
0.0000, 0.0000, 0.0000, 1.5708, 0.1458, 0.6330, 0.00222
0.0000, 0.0000, 0.0000, 1.5708, 0.1458, 0.6330, 0.00231
0.0000, 0.0000, 0.0000, 1.5708, 0.1458, 0.6330, 0.00240
0.0000, 0.0000, 0.0000, 1.5708, 0.1458, 0.6330, 0.00248
0.0000, 0.0000, 0.0000, 1.5708, 0.1458, 0.6330, 0.00256
0.0000, 0.0000, 0.0000, 1.5708, 0.1458, 0.6740, 0.00222
0.0000, 0.0000, 0.0000, 1.5708, 0.1458, 0.6740, 0.00231
0.0000, 0.0000, 0.0000, 1.5708, 0.1458, 0.6740, 0.00240
0.0000, 0.0000, 0.0000, 1.5708, 0.1458, 0.6740, 0.00248
0.0000, 0.0000, 0.0000, 1.5708, 0.1458, 0.6740, 0.00256
0.0000, 0.0000, 0.0000, 1.5708, 0.1458, 0.7150, 0.00222
0.0000, 0.0000, 0.0000, 1.5708, 0.1458, 0.7150, 0.00231
0.0000, 0.0000, 0.0000, 1.5708, 0.1458, 0.7150, 0.00240
0.0000, 0.0000, 0.0000, 1.5708, 0.1458, 0.7150, 0.00248
0.0000, 0.0000, 0.0000, 1.5708, 0.1458, 0.7150, 0.00256
0.0000, 0.0000, 0.0000, 1.5708, 0.1458, 0.9170, 0.00222
0.0000, 0.0000, 0.0000, 1.5708, 0.1458, 0.9170, 0.00231
0.0000, 0.0000, 0.0000, 1.5708, 0.1458, 0.9170, 0.00240
0.0000, 0.0000, 0.0000, 1.5708, 0.1458, 0.9170, 0.00248
0.0000, 0.0000, 0.0000, 1.5708, 0.1458, 0.9170, 0.00256
0.0000, 0.0000, 0.0000, 1.5708, 0.1458, 1.1190, 0.00222
0.0000, 0.0000, 0.0000, 1.5708, 0.1458, 1.1190, 0.00231
0.0000, 0.0000, 0.0000, 1.5708, 0.1458, 1.1190, 0.00240
0.0000, 0.0000, 0.0000, 1.5708, 0.1458, 1.1190, 0.00248
0.0000, 0.0000, 0.0000, 1.5708, 0.1458, 1.1190, 0.00256
0.0000, 0.0000, 0.0000, 1.5708, 0.1482, 0.6330, 0.00222
0.0000, 0.0000, 0.0000, 1.5708, 0.1482, 0.6330, 0.00231
0.0000, 0.0000, 0.0000, 1.5708, 0.1482, 0.6330, 0.00240
0.0000, 0.0000, 0.0000, 1.5708, 0.1482, 0.6330, 0.00248
0.0000, 0.0000, 0.0000, 1.5708, 0.1482, 0.6330, 0.00256
0.0000, 0.0000, 0.0000, 1.5708, 0.1482, 0.6740, 0.00222
0.0000, 0.0000, 0.0000, 1.5708, 0.1482, 0.6740, 0.00231
0.0000, 0.0000, 0.0000, 1.5708, 0.1482, 0.6740, 0.00240
0.0000, 0.0000, 0.0000, 1.5708, 0.1482, 0.6740, 0.00248
0.0000, 0.0000, 0.0000, 1.5708, 0.1482, 0.6740, 0.00256
0.0000, 0.0000, 0.0000, 1.5708, 0.1482, 0.7150, 0.00222
0.0000, 0.0000, 0.0000, 1.5708, 0.1482, 0.7150, 0.00231
0.0000, 0.0000, 0.0000, 1.5708, 0.1482, 0.7150, 0.00240
0.0000, 0.0000, 0.0000, 1.5708, 0.1482, 0.7150, 0.00248
0.0000, 0.0000, 0.0000, 1.5708, 0.1482, 0.7150, 0.00256
0.0000, 0.0000, 0.0000, 1.5708, 0.1482, 0.9170, 0.00222
0.0000, 0.0000, 0.0000, 1.5708, 0.1482, 0.9170, 0.00231
0.0000, 0.0000, 0.0000, 1.5708, 0.1482, 0.9170, 0.00240
0.0000, 0.0000, 0.0000, 1.5708, 0.1482, 0.9170, 0.00248
0.0000, 0.0000, 0.0000, 1.5708, 0.1482, 0.9170, 0.00256
0.0000, 0.0000, 0.0000, 1.5708, 0.1482, 1.1190, 0.00222
0.0000, 0.0000, 0.0000, 1.5708, 0.1482, 1.1190, 0.00231
0.0000, 0.0000, 0.0000, 1.5708, 0.1482, 1.1190, 0.00240
0.0000, 0.0000, 0.0000, 1.5708, 0.1482, 1.1190, 0.00248
0.0000, 0.0000, 0.0000, 1.5708, 0.1482, 1.1190, 0.00256
0.0000, 0.0000, 0.0000, 1.5708, 0.1506, 0.6330, 0.00222
0.0000, 0.0000, 0.0000, 1.5708, 0.1506, 0.6330, 0.00231
0.0000, 0.0000, 0.0000, 1.5708, 0.1506, 0.6330, 0.00240
0.0000, 0.0000, 0.0000, 1.5708, 0.1506, 0.6330, 0.00248
0.0000, 0.0000, 0.0000, 1.5708, 0.1506, 0.6330, 0.00256
0.0000, 0.0000, 0.0000, 1.5708, 0.1506, 0.6740, 0.00222
0.0000, 0.0000, 0.0000, 1.5708, 0.1506, 0.6740, 0.00231
0.0000, 0.0000, 0.0000, 1.5708, 0.1506, 0.6740, 0.00240
0.0000, 0.0000, 0.0000, 1.5708, 0.1506, 0.6740, 0.00248
0.0000, 0.0000, 0.0000, 1.5708, 0.1506, 0.6740, 0.00256
0.0000, 0.0000, 0.0000, 1.5708, 0.1506, 0.7150, 0.00222
0.0000, 0.0000, 0.0000, 1.5708, 0.1506, 0.7150, 0.00231
0.0000, 0.0000, 0.0000, 1.5708, 0.1506, 0.7150, 0.00240
0.0000, 0.0000, 0.0000, 1.5708, 0.1506, 0.7150, 0.00248
0.0000, 0.0000, 0.0000, 1.5708, 0.1506, 0.7150, 0.00256
0.0000, 0.0000, 0.0000, 1.5708, 0.1506, 0.9170, 0.00222
0.0000, 0.0000, 0.0000, 1.5708, 0.1506, 0.9170, 0.00231
0.0000, 0.0000, 0.0000, 1.5708, 0.1506, 0.9170, 0.00240
0.0000, 0.0000, 0.0000, 1.5708, 0.1506, 0.9170, 0.00248
0.0000, 0.0000, 0.0000, 1.5708, 0.1506, 0.9170, 0.00256
0.0000, 0.0000, 0.0000, 1.5708, 0.1506, 1.1190, 0.00222
0.0000, 0.0000, 0.0000, 1.5708, 0.1506, 1.1190, 0.00231
0.0000, 0.0000, 0.0000, 1.5708, 0.1506, 1.1190, 0.00240
0.0000, 0.0000, 0.0000, 1.5708, 0.1506, 1.1190, 0.00248
0.0000, 0.0000, 0.0000, 1.5708, 0.1506, 1.1190, 0.00256
0.0000, 0.0000, 0.0000, 1.5708, 0.1530, 0.6330, 0.00222
0.0000, 0.0000, 0.0000, 1.5708, 0.1530, 0.6330, 0.00231
0.0000, 0.0000, 0.0000, 1.5708, 0.1530, 0.6330, 0.00240
0.0000, 0.0000, 0.0000, 1.5708, 0.1530, 0.6330, 0.00248
0.0000, 0.0000, 0.0000, 1.5708, 0.1530, 0.6330, 0.00256
0.0000, 0.0000, 0.0000, 1.5708, 0.1530, 0.6740, 0.00222
0.0000, 0.0000, 0.0000, 1.5708, 0.1530, 0.6740, 0.00231
0.0000, 0.0000, 0.0000, 1.5708, 0.1530, 0.6740, 0.00240
0.0000, 0.0000, 0.0000, 1.5708, 0.1530, 0.6740, 0.00248
0.0000, 0.0000, 0.0000, 1.5708, 0.1530, 0.6740, 0.00256
0.0000, 0.0000, 0.0000, 1.5708, 0.1530, 0.7150, 0.00222
0.0000, 0.0000, 0.0000, 1.5708, 0.1530, 0.7150, 0.00231
0.0000, 0.0000, 0.0000, 1.5708, 0.1530, 0.7150, 0.00240
0.0000, 0.0000, 0.0000, 1.5708, 0.1530, 0.7150, 0.00248
0.0000, 0.0000, 0.0000, 1.5708, 0.1530, 0.7150, 0.00256
0.0000, 0.0000, 0.0000, 1.5708, 0.1530, 0.9170, 0.00222
0.0000, 0.0000, 0.0000, 1.5708, 0.1530, 0.9170, 0.00231
0.0000, 0.0000, 0.0000, 1.5708, 0.1530, 0.9170, 0.00240
0.0000, 0.0000, 0.0000, 1.5708, 0.1530, 0.9170, 0.00248
0.0000, 0.0000, 0.0000, 1.5708, 0.1530, 0.9170, 0.00256
0.0000, 0.0000, 0.0000, 1.5708, 0.1530, 1.1190, 0.00222
0.0000, 0.0000, 0.0000, 1.5708, 0.1530, 1.1190, 0.00231
0.0000, 0.0000, 0.0000, 1.5708, 0.1530, 1.1190, 0.00240
0.0000, 0.0000, 0.0000, 1.5708, 0.1530, 1.1190, 0.00248
0.0000, 0.0000, 0.0000, 1.5708, 0.1530, 1.1190, 0.00256
0.7854, 0.0000, 0.0000, 0.0000, 0.1434, 0.6330, 0.00222
0.7854, 0.0000, 0.0000, 0.0000, 0.1434, 0.6330, 0.00231
0.7854, 0.0000, 0.0000, 0.0000, 0.1434, 0.6330, 0.00240
0.7854, 0.0000, 0.0000, 0.0000, 0.1434, 0.6330, 0.00248
0.7854, 0.0000, 0.0000, 0.0000, 0.1434, 0.6330, 0.00256
0.7854, 0.0000, 0.0000, 0.0000, 0.1434, 0.6740, 0.00222
0.7854, 0.0000, 0.0000, 0.0000, 0.1434, 0.6740, 0.00231
0.7854, 0.0000, 0.0000, 0.0000, 0.1434, 0.6740, 0.00240
0.7854, 0.0000, 0.0000, 0.0000, 0.1434, 0.6740, 0.00248
0.7854, 0.0000, 0.0000, 0.0000, 0.1434, 0.6740, 0.00256
0.7854, 0.0000, 0.0000, 0.0000, 0.1434, 0.7150, 0.00222
0.7854, 0.0000, 0.0000, 0.0000, 0.1434, 0.7150, 0.00231
0.7854, 0.0000, 0.0000, 0.0000, 0.1434, 0.7150, 0.00240
0.7854, 0.0000, 0.0000, 0.0000, 0.1434, 0.7150, 0.00248
0.7854, 0.0000, 0.0000, 0.0000, 0.1434, 0.7150, 0.00256
0.7854, 0.0000, 0.0000, 0.0000, 0.1434, 0.9170, 0.00222
0.7854, 0.0000, 0.0000, 0.0000, 0.1434, 0.9170, 0.00231
0.7854, 0.0000, 0.0000, 0.0000, 0.1434, 0.9170, 0.00240
0.7854, 0.0000, 0.0000, 0.0000, 0.1434, 0.9170, 0.00248
0.7854, 0.0000, 0.0000, 0.0000, 0.1434, 0.9170, 0.00256
0.7854, 0.0000, 0.0000, 0.0000, 0.1434, 1.1190, 0.00222
0.7854, 0.0000, 0.0000, 0.0000, 0.1434, 1.1190, 0.00231
0.7854, 0.0000, 0.0000, 0.0000, 0.1434, 1.1190, 0.00240
0.7854, 0.0000, 0.0000, 0.0000, 0.1434, 1.1190, 0.00248
0.7854, 0.0000, 0.0000, 0.0000, 0.1434, 1.1190, 0.00256
0.7854, 0.0000, 0.0000, 0.0000, 0.1458, 0.6330, 0.00222
0.7854, 0.0000, 0.0000, 0.0000, 0.1458, 0.6330, 0.00231
0.7854, 0.0000, 0.0000, 0.0000, 0.1458, 0.6330, 0.00240
0.7854, 0.0000, 0.0000, 0.0000, 0.1458, 0.6330, 0.00248
0.7854, 0.0000, 0.0000, 0.0000, 0.1458, 0.6330, 0.00256
0.7854, 0.0000, 0.0000, 0.0000, 0.1458, 0.6740, 0.00222
0.7854, 0.0000, 0.0000, 0.0000, 0.1458, 0.6740, 0.00231
0.7854, 0.0000, 0.0000, 0.0000, 0.1458, 0.6740, 0.00240
0.7854, 0.0000, 0.0000, 0.0000, 0.1458, 0.6740, 0.00248
0.7854, 0.0000, 0.0000, 0.0000, 0.1458, 0.6740, 0.00256
0.7854, 0.0000, 0.0000, 0.0000, 0.1458, 0.7150, 0.00222
0.7854, 0.0000, 0.0000, 0.0000, 0.1458, 0.7150, 0.00231
0.7854, 0.0000, 0.0000, 0.0000, 0.1458, 0.7150, 0.00240
0.7854, 0.0000, 0.0000, 0.0000, 0.1458, 0.7150, 0.00248
0.7854, 0.0000, 0.0000, 0.0000, 0.1458, 0.7150, 0.00256
0.7854, 0.0000, 0.0000, 0.0000, 0.1458, 0.9170, 0.00222
0.7854, 0.0000, 0.0000, 0.0000, 0.1458, 0.9170, 0.00231
0.7854, 0.0000, 0.0000, 0.0000, 0.1458, 0.9170, 0.00240
0.7854, 0.0000, 0.0000, 0.0000, 0.1458, 0.9170, 0.00248
0.7854, 0.0000, 0.0000, 0.0000, 0.1458, 0.9170, 0.00256
0.7854, 0.0000, 0.0000, 0.0000, 0.1458, 1.1190, 0.00222
0.7854, 0.0000, 0.0000, 0.0000, 0.1458, 1.1190, 0.00231
0.7854, 0.0000, 0.0000, 0.0000, 0.1458, 1.1190, 0.00240
0.7854, 0.0000, 0.0000, 0.0000, 0.1458, 1.1190, 0.00248
0.7854, 0.0000, 0.0000, 0.0000, 0.1458, 1.1190, 0.00256
0.7854, 0.0000, 0.0000, 0.0000, 0.1482, 0.6330, 0.00222
0.7854, 0.0000, 0.0000, 0.0000, 0.1482, 0.6330, 0.00231
0.7854, 0.0000, 0.0000, 0.0000, 0.1482, 0.6330, 0.00240
0.7854, 0.0000, 0.0000, 0.0000, 0.1482, 0.6330, 0.00248
0.7854, 0.0000, 0.0000, 0.0000, 0.1482, 0.6330, 0.00256
0.7854, 0.0000, 0.0000, 0.0000, 0.1482, 0.6740, 0.00222
0.7854, 0.0000, 0.0000, 0.0000, 0.1482, 0.6740, 0.00231
0.7854, 0.0000, 0.0000, 0.0000, 0.1482, 0.6740, 0.00240
0.7854, 0.0000, 0.0000, 0.0000, 0.1482, 0.6740, 0.00248
0.7854, 0.0000, 0.0000, 0.0000, 0.1482, 0.6740, 0.00256
0.7854, 0.0000, 0.0000, 0.0000, 0.1482, 0.7150, 0.00222
0.7854, 0.0000, 0.0000, 0.0000, 0.1482, 0.7150, 0.00231
0.7854, 0.0000, 0.0000, 0.0000, 0.1482, 0.7150, 0.00240
0.7854, 0.0000, 0.0000, 0.0000, 0.1482, 0.7150, 0.00248
0.7854, 0.0000, 0.0000, 0.0000, 0.1482, 0.7150, 0.00256
0.7854, 0.0000, 0.0000, 0.0000, 0.1482, 0.9170, 0.00222
0.7854, 0.0000, 0.0000, 0.0000, 0.1482, 0.9170, 0.00231
0.7854, 0.0000, 0.0000, 0.0000, 0.1482, 0.9170, 0.00240
0.7854, 0.0000, 0.0000, 0.0000, 0.1482, 0.9170, 0.00248
0.7854, 0.0000, 0.0000, 0.0000, 0.1482, 0.9170, 0.00256
0.7854, 0.0000, 0.0000, 0.0000, 0.1482, 1.1190, 0.00222
0.7854, 0.0000, 0.0000, 0.0000, 0.1482, 1.1190, 0.00231
0.7854, 0.0000, 0.0000, 0.0000, 0.1482, 1.1190, 0.00240
0.7854, 0.0000, 0.0000, 0.0000, 0.1482, 1.1190, 0.00248
0.7854, 0.0000, 0.0000, 0.0000, 0.1482, 1.1190, 0.00256
0.7854, 0.0000, 0.0000, 0.0000, 0.1506, 0.6330, 0.00222
0.7854, 0.0000, 0.0000, 0.0000, 0.1506, 0.6330, 0.00231
0.7854, 0.0000, 0.0000, 0.0000, 0.1506, 0.6330, 0.00240
0.7854, 0.0000, 0.0000, 0.0000, 0.1506, 0.6330, 0.00248
0.7854, 0.0000, 0.0000, 0.0000, 0.1506, 0.6330, 0.00256
0.7854, 0.0000, 0.0000, 0.0000, 0.1506, 0.6740, 0.00222
0.7854, 0.0000, 0.0000, 0.0000, 0.1506, 0.6740, 0.00231
0.7854, 0.0000, 0.0000, 0.0000, 0.1506, 0.6740, 0.00240
0.7854, 0.0000, 0.0000, 0.0000, 0.1506, 0.6740, 0.00248
0.7854, 0.0000, 0.0000, 0.0000, 0.1506, 0.6740, 0.00256
0.7854, 0.0000, 0.0000, 0.0000, 0.1506, 0.7150, 0.00222
0.7854, 0.0000, 0.0000, 0.0000, 0.1506, 0.7150, 0.00231
0.7854, 0.0000, 0.0000, 0.0000, 0.1506, 0.7150, 0.00240
0.7854, 0.0000, 0.0000, 0.0000, 0.1506, 0.7150, 0.00248
0.7854, 0.0000, 0.0000, 0.0000, 0.1506, 0.7150, 0.00256
0.7854, 0.0000, 0.0000, 0.0000, 0.1506, 0.9170, 0.00222
0.7854, 0.0000, 0.0000, 0.0000, 0.1506, 0.9170, 0.00231
0.7854, 0.0000, 0.0000, 0.0000, 0.1506, 0.9170, 0.00240
0.7854, 0.0000, 0.0000, 0.0000, 0.1506, 0.9170, 0.00248
0.7854, 0.0000, 0.0000, 0.0000, 0.1506, 0.9170, 0.00256
0.7854, 0.0000, 0.0000, 0.0000, 0.1506, 1.1190, 0.00222
0.7854, 0.0000, 0.0000, 0.0000, 0.1506, 1.1190, 0.00231
0.7854, 0.0000, 0.0000, 0.0000, 0.1506, 1.1190, 0.00240
0.7854, 0.0000, 0.0000, 0.0000, 0.1506, 1.1190, 0.00248
0.7854, 0.0000, 0.0000, 0.0000, 0.1506, 1.1190, 0.00256
0.7854, 0.0000, 0.0000, 0.0000, 0.1530, 0.6330, 0.00222
0.7854, 0.0000, 0.0000, 0.0000, 0.1530, 0.6330, 0.00231
0.7854, 0.0000, 0.0000, 0.0000, 0.1530, 0.6330, 0.00240
0.7854, 0.0000, 0.0000, 0.0000, 0.1530, 0.6330, 0.00248
0.7854, 0.0000, 0.0000, 0.0000, 0.1530, 0.6330, 0.00256
0.7854, 0.0000, 0.0000, 0.0000, 0.1530, 0.6740, 0.00222
0.7854, 0.0000, 0.0000, 0.0000, 0.1530, 0.6740, 0.00231
0.7854, 0.0000, 0.0000, 0.0000, 0.1530, 0.6740, 0.00240
0.7854, 0.0000, 0.0000, 0.0000, 0.1530, 0.6740, 0.00248
0.7854, 0.0000, 0.0000, 0.0000, 0.1530, 0.6740, 0.00256
0.7854, 0.0000, 0.0000, 0.0000, 0.1530, 0.7150, 0.00222
0.7854, 0.0000, 0.0000, 0.0000, 0.1530, 0.7150, 0.00231
0.7854, 0.0000, 0.0000, 0.0000, 0.1530, 0.7150, 0.00240
0.7854, 0.0000, 0.0000, 0.0000, 0.1530, 0.7150, 0.00248
0.7854, 0.0000, 0.0000, 0.0000, 0.1530, 0.7150, 0.00256
0.7854, 0.0000, 0.0000, 0.0000, 0.1530, 0.9170, 0.00222
0.7854, 0.0000, 0.0000, 0.0000, 0.1530, 0.9170, 0.00231
0.7854, 0.0000, 0.0000, 0.0000, 0.1530, 0.9170, 0.00240
0.7854, 0.0000, 0.0000, 0.0000, 0.1530, 0.9170, 0.00248
0.7854, 0.0000, 0.0000, 0.0000, 0.1530, 0.9170, 0.00256
0.7854, 0.0000, 0.0000, 0.0000, 0.1530, 1.1190, 0.00222
0.7854, 0.0000, 0.0000, 0.0000, 0.1530, 1.1190, 0.00231
0.7854, 0.0000, 0.0000, 0.0000, 0.1530, 1.1190, 0.00240
0.7854, 0.0000, 0.0000, 0.0000, 0.1530, 1.1190, 0.00248
0.7854, 0.0000, 0.0000, 0.0000, 0.1530, 1.1190, 0.00256
0.7854, 0.0000, 0.0000, 0.7854, 0.1434, 0.6330, 0.00222
0.7854, 0.0000, 0.0000, 0.7854, 0.1434, 0.6330, 0.00231
0.7854, 0.0000, 0.0000, 0.7854, 0.1434, 0.6330, 0.00240
0.7854, 0.0000, 0.0000, 0.7854, 0.1434, 0.6330, 0.00248
0.7854, 0.0000, 0.0000, 0.7854, 0.1434, 0.6330, 0.00256
0.7854, 0.0000, 0.0000, 0.7854, 0.1434, 0.6740, 0.00222
0.7854, 0.0000, 0.0000, 0.7854, 0.1434, 0.6740, 0.00231
0.7854, 0.0000, 0.0000, 0.7854, 0.1434, 0.6740, 0.00240
0.7854, 0.0000, 0.0000, 0.7854, 0.1434, 0.6740, 0.00248
0.7854, 0.0000, 0.0000, 0.7854, 0.1434, 0.6740, 0.00256
0.7854, 0.0000, 0.0000, 0.7854, 0.1434, 0.7150, 0.00222
0.7854, 0.0000, 0.0000, 0.7854, 0.1434, 0.7150, 0.00231
0.7854, 0.0000, 0.0000, 0.7854, 0.1434, 0.7150, 0.00240
0.7854, 0.0000, 0.0000, 0.7854, 0.1434, 0.7150, 0.00248
0.7854, 0.0000, 0.0000, 0.7854, 0.1434, 0.7150, 0.00256
0.7854, 0.0000, 0.0000, 0.7854, 0.1434, 0.9170, 0.00222
0.7854, 0.0000, 0.0000, 0.7854, 0.1434, 0.9170, 0.00231
0.7854, 0.0000, 0.0000, 0.7854, 0.1434, 0.9170, 0.00240
0.7854, 0.0000, 0.0000, 0.7854, 0.1434, 0.9170, 0.00248
0.7854, 0.0000, 0.0000, 0.7854, 0.1434, 0.9170, 0.00256
0.7854, 0.0000, 0.0000, 0.7854, 0.1434, 1.1190, 0.00222
0.7854, 0.0000, 0.0000, 0.7854, 0.1434, 1.1190, 0.00231
0.7854, 0.0000, 0.0000, 0.7854, 0.1434, 1.1190, 0.00240
0.7854, 0.0000, 0.0000, 0.7854, 0.1434, 1.1190, 0.00248
0.7854, 0.0000, 0.0000, 0.7854, 0.1434, 1.1190, 0.00256
0.7854, 0.0000, 0.0000, 0.7854, 0.1458, 0.6330, 0.00222
0.7854, 0.0000, 0.0000, 0.7854, 0.1458, 0.6330, 0.00231
0.7854, 0.0000, 0.0000, 0.7854, 0.1458, 0.6330, 0.00240
0.7854, 0.0000, 0.0000, 0.7854, 0.1458, 0.6330, 0.00248
0.7854, 0.0000, 0.0000, 0.7854, 0.1458, 0.6330, 0.00256
0.7854, 0.0000, 0.0000, 0.7854, 0.1458, 0.6740, 0.00222
0.7854, 0.0000, 0.0000, 0.7854, 0.1458, 0.6740, 0.00231
0.7854, 0.0000, 0.0000, 0.7854, 0.1458, 0.6740, 0.00240
0.7854, 0.0000, 0.0000, 0.7854, 0.1458, 0.6740, 0.00248
0.7854, 0.0000, 0.0000, 0.7854, 0.1458, 0.6740, 0.00256
0.7854, 0.0000, 0.0000, 0.7854, 0.1458, 0.7150, 0.00222
0.7854, 0.0000, 0.0000, 0.7854, 0.1458, 0.7150, 0.00231
0.7854, 0.0000, 0.0000, 0.7854, 0.1458, 0.7150, 0.00240
0.7854, 0.0000, 0.0000, 0.7854, 0.1458, 0.7150, 0.00248
0.7854, 0.0000, 0.0000, 0.7854, 0.1458, 0.7150, 0.00256
0.7854, 0.0000, 0.0000, 0.7854, 0.1458, 0.9170, 0.00222
0.7854, 0.0000, 0.0000, 0.7854, 0.1458, 0.9170, 0.00231
0.7854, 0.0000, 0.0000, 0.7854, 0.1458, 0.9170, 0.00240
0.7854, 0.0000, 0.0000, 0.7854, 0.1458, 0.9170, 0.00248
0.7854, 0.0000, 0.0000, 0.7854, 0.1458, 0.9170, 0.00256
0.7854, 0.0000, 0.0000, 0.7854, 0.1458, 1.1190, 0.00222
0.7854, 0.0000, 0.0000, 0.7854, 0.1458, 1.1190, 0.00231
0.7854, 0.0000, 0.0000, 0.7854, 0.1458, 1.1190, 0.00240
0.7854, 0.0000, 0.0000, 0.7854, 0.1458, 1.1190, 0.00248
0.7854, 0.0000, 0.0000, 0.7854, 0.1458, 1.1190, 0.00256
0.7854, 0.0000, 0.0000, 0.7854, 0.1482, 0.6330, 0.00222
0.7854, 0.0000, 0.0000, 0.7854, 0.1482, 0.6330, 0.00231
0.7854, 0.0000, 0.0000, 0.7854, 0.1482, 0.6330, 0.00240
0.7854, 0.0000, 0.0000, 0.7854, 0.1482, 0.6330, 0.00248
0.7854, 0.0000, 0.0000, 0.7854, 0.1482, 0.6330, 0.00256
0.7854, 0.0000, 0.0000, 0.7854, 0.1482, 0.6740, 0.00222
0.7854, 0.0000, 0.0000, 0.7854, 0.1482, 0.6740, 0.00231
0.7854, 0.0000, 0.0000, 0.7854, 0.1482, 0.6740, 0.00240
0.7854, 0.0000, 0.0000, 0.7854, 0.1482, 0.6740, 0.00248
0.7854, 0.0000, 0.0000, 0.7854, 0.1482, 0.6740, 0.00256
0.7854, 0.0000, 0.0000, 0.7854, 0.1482, 0.7150, 0.00222
0.7854, 0.0000, 0.0000, 0.7854, 0.1482, 0.7150, 0.00231
0.7854, 0.0000, 0.0000, 0.7854, 0.1482, 0.7150, 0.00240
0.7854, 0.0000, 0.0000, 0.7854, 0.1482, 0.7150, 0.00248
0.7854, 0.0000, 0.0000, 0.7854, 0.1482, 0.7150, 0.00256
0.7854, 0.0000, 0.0000, 0.7854, 0.1482, 0.9170, 0.00222
0.7854, 0.0000, 0.0000, 0.7854, 0.1482, 0.9170, 0.00231
0.7854, 0.0000, 0.0000, 0.7854, 0.1482, 0.9170, 0.00240
0.7854, 0.0000, 0.0000, 0.7854, 0.1482, 0.9170, 0.00248
0.7854, 0.0000, 0.0000, 0.7854, 0.1482, 0.9170, 0.00256
0.7854, 0.0000, 0.0000, 0.7854, 0.1482, 1.1190, 0.00222
0.7854, 0.0000, 0.0000, 0.7854, 0.1482, 1.1190, 0.00231
0.7854, 0.0000, 0.0000, 0.7854, 0.1482, 1.1190, 0.00240
0.7854, 0.0000, 0.0000, 0.7854, 0.1482, 1.1190, 0.00248
0.7854, 0.0000, 0.0000, 0.7854, 0.1482, 1.1190, 0.00256
0.7854, 0.0000, 0.0000, 0.7854, 0.1506, 0.6330, 0.00222
0.7854, 0.0000, 0.0000, 0.7854, 0.1506, 0.6330, 0.00231
0.7854, 0.0000, 0.0000, 0.7854, 0.1506, 0.6330, 0.00240
0.7854, 0.0000, 0.0000, 0.7854, 0.1506, 0.6330, 0.00248
0.7854, 0.0000, 0.0000, 0.7854, 0.1506, 0.6330, 0.00256
0.7854, 0.0000, 0.0000, 0.7854, 0.1506, 0.6740, 0.00222
0.7854, 0.0000, 0.0000, 0.7854, 0.1506, 0.6740, 0.00231
0.7854, 0.0000, 0.0000, 0.7854, 0.1506, 0.6740, 0.00240
0.7854, 0.0000, 0.0000, 0.7854, 0.1506, 0.6740, 0.00248
0.7854, 0.0000, 0.0000, 0.7854, 0.1506, 0.6740, 0.00256
0.7854, 0.0000, 0.0000, 0.7854, 0.1506, 0.7150, 0.00222
0.7854, 0.0000, 0.0000, 0.7854, 0.1506, 0.7150, 0.00231
0.7854, 0.0000, 0.0000, 0.7854, 0.1506, 0.7150, 0.00240
0.7854, 0.0000, 0.0000, 0.7854, 0.1506, 0.7150, 0.00248
0.7854, 0.0000, 0.0000, 0.7854, 0.1506, 0.7150, 0.00256
0.7854, 0.0000, 0.0000, 0.7854, 0.1506, 0.9170, 0.00222
0.7854, 0.0000, 0.0000, 0.7854, 0.1506, 0.9170, 0.00231
0.7854, 0.0000, 0.0000, 0.7854, 0.1506, 0.9170, 0.00240
0.7854, 0.0000, 0.0000, 0.7854, 0.1506, 0.9170, 0.00248
0.7854, 0.0000, 0.0000, 0.7854, 0.1506, 0.9170, 0.00256
0.7854, 0.0000, 0.0000, 0.7854, 0.1506, 1.1190, 0.00222
0.7854, 0.0000, 0.0000, 0.7854, 0.1506, 1.1190, 0.00231
0.7854, 0.0000, 0.0000, 0.7854, 0.1506, 1.1190, 0.00240
0.7854, 0.0000, 0.0000, 0.7854, 0.1506, 1.1190, 0.00248
0.7854, 0.0000, 0.0000, 0.7854, 0.1506, 1.1190, 0.00256
0.7854, 0.0000, 0.0000, 0.7854, 0.1530, 0.6330, 0.00222
0.7854, 0.0000, 0.0000, 0.7854, 0.1530, 0.6330, 0.00231
0.7854, 0.0000, 0.0000, 0.7854, 0.1530, 0.6330, 0.00240
0.7854, 0.0000, 0.0000, 0.7854, 0.1530, 0.6330, 0.00248
0.7854, 0.0000, 0.0000, 0.7854, 0.1530, 0.6330, 0.00256
0.7854, 0.0000, 0.0000, 0.7854, 0.1530, 0.6740, 0.00222
0.7854, 0.0000, 0.0000, 0.7854, 0.1530, 0.6740, 0.00231
0.7854, 0.0000, 0.0000, 0.7854, 0.1530, 0.6740, 0.00240
0.7854, 0.0000, 0.0000, 0.7854, 0.1530, 0.6740, 0.00248
0.7854, 0.0000, 0.0000, 0.7854, 0.1530, 0.6740, 0.00256
0.7854, 0.0000, 0.0000, 0.7854, 0.1530, 0.7150, 0.00222
0.7854, 0.0000, 0.0000, 0.7854, 0.1530, 0.7150, 0.00231
0.7854, 0.0000, 0.0000, 0.7854, 0.1530, 0.7150, 0.00240
0.7854, 0.0000, 0.0000, 0.7854, 0.1530, 0.7150, 0.00248
0.7854, 0.0000, 0.0000, 0.7854, 0.1530, 0.7150, 0.00256
0.7854, 0.0000, 0.0000, 0.7854, 0.1530, 0.9170, 0.00222
0.7854, 0.0000, 0.0000, 0.7854, 0.1530, 0.9170, 0.00231
0.7854, 0.0000, 0.0000, 0.7854, 0.1530, 0.9170, 0.00240
0.7854, 0.0000, 0.0000, 0.7854, 0.1530, 0.9170, 0.00248
0.7854, 0.0000, 0.0000, 0.7854, 0.1530, 0.9170, 0.00256
0.7854, 0.0000, 0.0000, 0.7854, 0.1530, 1.1190, 0.00222
0.7854, 0.0000, 0.0000, 0.7854, 0.1530, 1.1190, 0.00231
0.7854, 0.0000, 0.0000, 0.7854, 0.1530, 1.1190, 0.00240
0.7854, 0.0000, 0.0000, 0.7854, 0.1530, 1.1190, 0.00248
0.7854, 0.0000, 0.0000, 0.7854, 0.1530, 1.1190, 0.00256
0.7854, 0.0000, 0.0000, 1.5708, 0.1434, 0.6330, 0.00222
0.7854, 0.0000, 0.0000, 1.5708, 0.1434, 0.6330, 0.00231
0.7854, 0.0000, 0.0000, 1.5708, 0.1434, 0.6330, 0.00240
0.7854, 0.0000, 0.0000, 1.5708, 0.1434, 0.6330, 0.00248
0.7854, 0.0000, 0.0000, 1.5708, 0.1434, 0.6330, 0.00256
0.7854, 0.0000, 0.0000, 1.5708, 0.1434, 0.6740, 0.00222
0.7854, 0.0000, 0.0000, 1.5708, 0.1434, 0.6740, 0.00231
0.7854, 0.0000, 0.0000, 1.5708, 0.1434, 0.6740, 0.00240
0.7854, 0.0000, 0.0000, 1.5708, 0.1434, 0.6740, 0.00248
0.7854, 0.0000, 0.0000, 1.5708, 0.1434, 0.6740, 0.00256
0.7854, 0.0000, 0.0000, 1.5708, 0.1434, 0.7150, 0.00222
0.7854, 0.0000, 0.0000, 1.5708, 0.1434, 0.7150, 0.00231
0.7854, 0.0000, 0.0000, 1.5708, 0.1434, 0.7150, 0.00240
0.7854, 0.0000, 0.0000, 1.5708, 0.1434, 0.7150, 0.00248
0.7854, 0.0000, 0.0000, 1.5708, 0.1434, 0.7150, 0.00256
0.7854, 0.0000, 0.0000, 1.5708, 0.1434, 0.9170, 0.00222
0.7854, 0.0000, 0.0000, 1.5708, 0.1434, 0.9170, 0.00231
0.7854, 0.0000, 0.0000, 1.5708, 0.1434, 0.9170, 0.00240
0.7854, 0.0000, 0.0000, 1.5708, 0.1434, 0.9170, 0.00248
0.7854, 0.0000, 0.0000, 1.5708, 0.1434, 0.9170, 0.00256
0.7854, 0.0000, 0.0000, 1.5708, 0.1434, 1.1190, 0.00222
0.7854, 0.0000, 0.0000, 1.5708, 0.1434, 1.1190, 0.00231
0.7854, 0.0000, 0.0000, 1.5708, 0.1434, 1.1190, 0.00240
0.7854, 0.0000, 0.0000, 1.5708, 0.1434, 1.1190, 0.00248
0.7854, 0.0000, 0.0000, 1.5708, 0.1434, 1.1190, 0.00256
0.7854, 0.0000, 0.0000, 1.5708, 0.1458, 0.6330, 0.00222
0.7854, 0.0000, 0.0000, 1.5708, 0.1458, 0.6330, 0.00231
0.7854, 0.0000, 0.0000, 1.5708, 0.1458, 0.6330, 0.00240
0.7854, 0.0000, 0.0000, 1.5708, 0.1458, 0.6330, 0.00248
0.7854, 0.0000, 0.0000, 1.5708, 0.1458, 0.6330, 0.00256
0.7854, 0.0000, 0.0000, 1.5708, 0.1458, 0.6740, 0.00222
0.7854, 0.0000, 0.0000, 1.5708, 0.1458, 0.6740, 0.00231
0.7854, 0.0000, 0.0000, 1.5708, 0.1458, 0.6740, 0.00240
0.7854, 0.0000, 0.0000, 1.5708, 0.1458, 0.6740, 0.00248
0.7854, 0.0000, 0.0000, 1.5708, 0.1458, 0.6740, 0.00256
0.7854, 0.0000, 0.0000, 1.5708, 0.1458, 0.7150, 0.00222
0.7854, 0.0000, 0.0000, 1.5708, 0.1458, 0.7150, 0.00231
0.7854, 0.0000, 0.0000, 1.5708, 0.1458, 0.7150, 0.00240
0.7854, 0.0000, 0.0000, 1.5708, 0.1458, 0.7150, 0.00248
0.7854, 0.0000, 0.0000, 1.5708, 0.1458, 0.7150, 0.00256
0.7854, 0.0000, 0.0000, 1.5708, 0.1458, 0.9170, 0.00222
0.7854, 0.0000, 0.0000, 1.5708, 0.1458, 0.9170, 0.00231
0.7854, 0.0000, 0.0000, 1.5708, 0.1458, 0.9170, 0.00240
0.7854, 0.0000, 0.0000, 1.5708, 0.1458, 0.9170, 0.00248
0.7854, 0.0000, 0.0000, 1.5708, 0.1458, 0.9170, 0.00256
0.7854, 0.0000, 0.0000, 1.5708, 0.1458, 1.1190, 0.00222
0.7854, 0.0000, 0.0000, 1.5708, 0.1458, 1.1190, 0.00231
0.7854, 0.0000, 0.0000, 1.5708, 0.1458, 1.1190, 0.00240
0.7854, 0.0000, 0.0000, 1.5708, 0.1458, 1.1190, 0.00248
0.7854, 0.0000, 0.0000, 1.5708, 0.1458, 1.1190, 0.00256
0.7854, 0.0000, 0.0000, 1.5708, 0.1482, 0.6330, 0.00222
0.7854, 0.0000, 0.0000, 1.5708, 0.1482, 0.6330, 0.00231
0.7854, 0.0000, 0.0000, 1.5708, 0.1482, 0.6330, 0.00240
0.7854, 0.0000, 0.0000, 1.5708, 0.1482, 0.6330, 0.00248
0.7854, 0.0000, 0.0000, 1.5708, 0.1482, 0.6330, 0.00256
0.7854, 0.0000, 0.0000, 1.5708, 0.1482, 0.6740, 0.00222
0.7854, 0.0000, 0.0000, 1.5708, 0.1482, 0.6740, 0.00231
0.7854, 0.0000, 0.0000, 1.5708, 0.1482, 0.6740, 0.00240
0.7854, 0.0000, 0.0000, 1.5708, 0.1482, 0.6740, 0.00248
0.7854, 0.0000, 0.0000, 1.5708, 0.1482, 0.6740, 0.00256
0.7854, 0.0000, 0.0000, 1.5708, 0.1482, 0.7150, 0.00222
0.7854, 0.0000, 0.0000, 1.5708, 0.1482, 0.7150, 0.00231
0.7854, 0.0000, 0.0000, 1.5708, 0.1482, 0.7150, 0.00240
0.7854, 0.0000, 0.0000, 1.5708, 0.1482, 0.7150, 0.00248
0.7854, 0.0000, 0.0000, 1.5708, 0.1482, 0.7150, 0.00256
0.7854, 0.0000, 0.0000, 1.5708, 0.1482, 0.9170, 0.00222
0.7854, 0.0000, 0.0000, 1.5708, 0.1482, 0.9170, 0.00231
0.7854, 0.0000, 0.0000, 1.5708, 0.1482, 0.9170, 0.00240
0.7854, 0.0000, 0.0000, 1.5708, 0.1482, 0.9170, 0.00248
0.7854, 0.0000, 0.0000, 1.5708, 0.1482, 0.9170, 0.00256
0.7854, 0.0000, 0.0000, 1.5708, 0.1482, 1.1190, 0.00222
0.7854, 0.0000, 0.0000, 1.5708, 0.1482, 1.1190, 0.00231
0.7854, 0.0000, 0.0000, 1.5708, 0.1482, 1.1190, 0.00240
0.7854, 0.0000, 0.0000, 1.5708, 0.1482, 1.1190, 0.00248
0.7854, 0.0000, 0.0000, 1.5708, 0.1482, 1.1190, 0.00256
0.7854, 0.0000, 0.0000, 1.5708, 0.1506, 0.6330, 0.00222
0.7854, 0.0000, 0.0000, 1.5708, 0.1506, 0.6330, 0.00231
0.7854, 0.0000, 0.0000, 1.5708, 0.1506, 0.6330, 0.00240
0.7854, 0.0000, 0.0000, 1.5708, 0.1506, 0.6330, 0.00248
0.7854, 0.0000, 0.0000, 1.5708, 0.1506, 0.6330, 0.00256
0.7854, 0.0000, 0.0000, 1.5708, 0.1506, 0.6740, 0.00222
0.7854, 0.0000, 0.0000, 1.5708, 0.1506, 0.6740, 0.00231
0.7854, 0.0000, 0.0000, 1.5708, 0.1506, 0.6740, 0.00240
0.7854, 0.0000, 0.0000, 1.5708, 0.1506, 0.6740, 0.00248
0.7854, 0.0000, 0.0000, 1.5708, 0.1506, 0.6740, 0.00256
0.7854, 0.0000, 0.0000, 1.5708, 0.1506, 0.7150, 0.00222
0.7854, 0.0000, 0.0000, 1.5708, 0.1506, 0.7150, 0.00231
0.7854, 0.0000, 0.0000, 1.5708, 0.1506, 0.7150, 0.00240
0.7854, 0.0000, 0.0000, 1.5708, 0.1506, 0.7150, 0.00248
0.7854, 0.0000, 0.0000, 1.5708, 0.1506, 0.7150, 0.00256
0.7854, 0.0000, 0.0000, 1.5708, 0.1506, 0.9170, 0.00222
0.7854, 0.0000, 0.0000, 1.5708, 0.1506, 0.9170, 0.00231
0.7854, 0.0000, 0.0000, 1.5708, 0.1506, 0.9170, 0.00240
0.7854, 0.0000, 0.0000, 1.5708, 0.1506, 0.9170, 0.00248
0.7854, 0.0000, 0.0000, 1.5708, 0.1506, 0.9170, 0.00256
0.7854, 0.0000, 0.0000, 1.5708, 0.1506, 1.1190, 0.00222
0.7854, 0.0000, 0.0000, 1.5708, 0.1506, 1.1190, 0.00231
0.7854, 0.0000, 0.0000, 1.5708, 0.1506, 1.1190, 0.00240
0.7854, 0.0000, 0.0000, 1.5708, 0.1506, 1.1190, 0.00248
0.7854, 0.0000, 0.0000, 1.5708, 0.1506, 1.1190, 0.00256
0.7854, 0.0000, 0.0000, 1.5708, 0.1530, 0.6330, 0.00222
0.7854, 0.0000, 0.0000, 1.5708, 0.1530, 0.6330, 0.00231
0.7854, 0.0000, 0.0000, 1.5708, 0.1530, 0.6330, 0.00240
0.7854, 0.0000, 0.0000, 1.5708, 0.1530, 0.6330, 0.00248
0.7854, 0.0000, 0.0000, 1.5708, 0.1530, 0.6330, 0.00256
0.7854, 0.0000, 0.0000, 1.5708, 0.1530, 0.6740, 0.00222
0.7854, 0.0000, 0.0000, 1.5708, 0.1530, 0.6740, 0.00231
0.7854, 0.0000, 0.0000, 1.5708, 0.1530, 0.6740, 0.00240
0.7854, 0.0000, 0.0000, 1.5708, 0.1530, 0.6740, 0.00248
0.7854, 0.0000, 0.0000, 1.5708, 0.1530, 0.6740, 0.00256
0.7854, 0.0000, 0.0000, 1.5708, 0.1530, 0.7150, 0.00222
0.7854, 0.0000, 0.0000, 1.5708, 0.1530, 0.7150, 0.00231
0.7854, 0.0000, 0.0000, 1.5708, 0.1530, 0.7150, 0.00240
0.7854, 0.0000, 0.0000, 1.5708, 0.1530, 0.7150, 0.00248
0.7854, 0.0000, 0.0000, 1.5708, 0.1530, 0.7150, 0.00256
0.7854, 0.0000, 0.0000, 1.5708, 0.1530, 0.9170, 0.00222
0.7854, 0.0000, 0.0000, 1.5708, 0.1530, 0.9170, 0.00231
0.7854, 0.0000, 0.0000, 1.5708, 0.1530, 0.9170, 0.00240
0.7854, 0.0000, 0.0000, 1.5708, 0.1530, 0.9170, 0.00248
0.7854, 0.0000, 0.0000, 1.5708, 0.1530, 0.9170, 0.00256
0.7854, 0.0000, 0.0000, 1.5708, 0.1530, 1.1190, 0.00222
0.7854, 0.0000, 0.0000, 1.5708, 0.1530, 1.1190, 0.00231
0.7854, 0.0000, 0.0000, 1.5708, 0.1530, 1.1190, 0.00240
0.7854, 0.0000, 0.0000, 1.5708, 0.1530, 1.1190, 0.00248
0.7854, 0.0000, 0.0000, 1.5708, 0.1530, 1.1190, 0.00256
1.5708, 0.0000, 0.0000, 0.0000, 0.1434, 0.6330, 0.00222
1.5708, 0.0000, 0.0000, 0.0000, 0.1434, 0.6330, 0.00231
1.5708, 0.0000, 0.0000, 0.0000, 0.1434, 0.6330, 0.00240
1.5708, 0.0000, 0.0000, 0.0000, 0.1434, 0.6330, 0.00248
1.5708, 0.0000, 0.0000, 0.0000, 0.1434, 0.6330, 0.00256
1.5708, 0.0000, 0.0000, 0.0000, 0.1434, 0.6740, 0.00222
1.5708, 0.0000, 0.0000, 0.0000, 0.1434, 0.6740, 0.00231
1.5708, 0.0000, 0.0000, 0.0000, 0.1434, 0.6740, 0.00240
1.5708, 0.0000, 0.0000, 0.0000, 0.1434, 0.6740, 0.00248
1.5708, 0.0000, 0.0000, 0.0000, 0.1434, 0.6740, 0.00256
1.5708, 0.0000, 0.0000, 0.0000, 0.1434, 0.7150, 0.00222
1.5708, 0.0000, 0.0000, 0.0000, 0.1434, 0.7150, 0.00231
1.5708, 0.0000, 0.0000, 0.0000, 0.1434, 0.7150, 0.00240
1.5708, 0.0000, 0.0000, 0.0000, 0.1434, 0.7150, 0.00248
1.5708, 0.0000, 0.0000, 0.0000, 0.1434, 0.7150, 0.00256
1.5708, 0.0000, 0.0000, 0.0000, 0.1434, 0.9170, 0.00222
1.5708, 0.0000, 0.0000, 0.0000, 0.1434, 0.9170, 0.00231
1.5708, 0.0000, 0.0000, 0.0000, 0.1434, 0.9170, 0.00240
1.5708, 0.0000, 0.0000, 0.0000, 0.1434, 0.9170, 0.00248
1.5708, 0.0000, 0.0000, 0.0000, 0.1434, 0.9170, 0.00256
1.5708, 0.0000, 0.0000, 0.0000, 0.1434, 1.1190, 0.00222
1.5708, 0.0000, 0.0000, 0.0000, 0.1434, 1.1190, 0.00231
1.5708, 0.0000, 0.0000, 0.0000, 0.1434, 1.1190, 0.00240
1.5708, 0.0000, 0.0000, 0.0000, 0.1434, 1.1190, 0.00248
1.5708, 0.0000, 0.0000, 0.0000, 0.1434, 1.1190, 0.00256
1.5708, 0.0000, 0.0000, 0.0000, 0.1458, 0.6330, 0.00222
1.5708, 0.0000, 0.0000, 0.0000, 0.1458, 0.6330, 0.00231
1.5708, 0.0000, 0.0000, 0.0000, 0.1458, 0.6330, 0.00240
1.5708, 0.0000, 0.0000, 0.0000, 0.1458, 0.6330, 0.00248
1.5708, 0.0000, 0.0000, 0.0000, 0.1458, 0.6330, 0.00256
1.5708, 0.0000, 0.0000, 0.0000, 0.1458, 0.6740, 0.00222
1.5708, 0.0000, 0.0000, 0.0000, 0.1458, 0.6740, 0.00231
1.5708, 0.0000, 0.0000, 0.0000, 0.1458, 0.6740, 0.00240
1.5708, 0.0000, 0.0000, 0.0000, 0.1458, 0.6740, 0.00248
1.5708, 0.0000, 0.0000, 0.0000, 0.1458, 0.6740, 0.00256
1.5708, 0.0000, 0.0000, 0.0000, 0.1458, 0.7150, 0.00222
1.5708, 0.0000, 0.0000, 0.0000, 0.1458, 0.7150, 0.00231
1.5708, 0.0000, 0.0000, 0.0000, 0.1458, 0.7150, 0.00240
1.5708, 0.0000, 0.0000, 0.0000, 0.1458, 0.7150, 0.00248
1.5708, 0.0000, 0.0000, 0.0000, 0.1458, 0.7150, 0.00256
1.5708, 0.0000, 0.0000, 0.0000, 0.1458, 0.9170, 0.00222
1.5708, 0.0000, 0.0000, 0.0000, 0.1458, 0.9170, 0.00231
1.5708, 0.0000, 0.0000, 0.0000, 0.1458, 0.9170, 0.00240
1.5708, 0.0000, 0.0000, 0.0000, 0.1458, 0.9170, 0.00248
1.5708, 0.0000, 0.0000, 0.0000, 0.1458, 0.9170, 0.00256
1.5708, 0.0000, 0.0000, 0.0000, 0.1458, 1.1190, 0.00222
1.5708, 0.0000, 0.0000, 0.0000, 0.1458, 1.1190, 0.00231
1.5708, 0.0000, 0.0000, 0.0000, 0.1458, 1.1190, 0.00240
1.5708, 0.0000, 0.0000, 0.0000, 0.1458, 1.1190, 0.00248
1.5708, 0.0000, 0.0000, 0.0000, 0.1458, 1.1190, 0.00256
1.5708, 0.0000, 0.0000, 0.0000, 0.1482, 0.6330, 0.00222
1.5708, 0.0000, 0.0000, 0.0000, 0.1482, 0.6330, 0.00231
1.5708, 0.0000, 0.0000, 0.0000, 0.1482, 0.6330, 0.00240
1.5708, 0.0000, 0.0000, 0.0000, 0.1482, 0.6330, 0.00248
1.5708, 0.0000, 0.0000, 0.0000, 0.1482, 0.6330, 0.00256
1.5708, 0.0000, 0.0000, 0.0000, 0.1482, 0.6740, 0.00222
1.5708, 0.0000, 0.0000, 0.0000, 0.1482, 0.6740, 0.00231
1.5708, 0.0000, 0.0000, 0.0000, 0.1482, 0.6740, 0.00240
1.5708, 0.0000, 0.0000, 0.0000, 0.1482, 0.6740, 0.00248
1.5708, 0.0000, 0.0000, 0.0000, 0.1482, 0.6740, 0.00256
1.5708, 0.0000, 0.0000, 0.0000, 0.1482, 0.7150, 0.00222
1.5708, 0.0000, 0.0000, 0.0000, 0.1482, 0.7150, 0.00231
1.5708, 0.0000, 0.0000, 0.0000, 0.1482, 0.7150, 0.00240
1.5708, 0.0000, 0.0000, 0.0000, 0.1482, 0.7150, 0.00248
1.5708, 0.0000, 0.0000, 0.0000, 0.1482, 0.7150, 0.00256
1.5708, 0.0000, 0.0000, 0.0000, 0.1482, 0.9170, 0.00222
1.5708, 0.0000, 0.0000, 0.0000, 0.1482, 0.9170, 0.00231
1.5708, 0.0000, 0.0000, 0.0000, 0.1482, 0.9170, 0.00240
1.5708, 0.0000, 0.0000, 0.0000, 0.1482, 0.9170, 0.00248
1.5708, 0.0000, 0.0000, 0.0000, 0.1482, 0.9170, 0.00256
1.5708, 0.0000, 0.0000, 0.0000, 0.1482, 1.1190, 0.00222
1.5708, 0.0000, 0.0000, 0.0000, 0.1482, 1.1190, 0.00231
1.5708, 0.0000, 0.0000, 0.0000, 0.1482, 1.1190, 0.00240
1.5708, 0.0000, 0.0000, 0.0000, 0.1482, 1.1190, 0.00248
1.5708, 0.0000, 0.0000, 0.0000, 0.1482, 1.1190, 0.00256
1.5708, 0.0000, 0.0000, 0.0000, 0.1506, 0.6330, 0.00222
1.5708, 0.0000, 0.0000, 0.0000, 0.1506, 0.6330, 0.00231
1.5708, 0.0000, 0.0000, 0.0000, 0.1506, 0.6330, 0.00240
1.5708, 0.0000, 0.0000, 0.0000, 0.1506, 0.6330, 0.00248
1.5708, 0.0000, 0.0000, 0.0000, 0.1506, 0.6330, 0.00256
1.5708, 0.0000, 0.0000, 0.0000, 0.1506, 0.6740, 0.00222
1.5708, 0.0000, 0.0000, 0.0000, 0.1506, 0.6740, 0.00231
1.5708, 0.0000, 0.0000, 0.0000, 0.1506, 0.6740, 0.00240
1.5708, 0.0000, 0.0000, 0.0000, 0.1506, 0.6740, 0.00248
1.5708, 0.0000, 0.0000, 0.0000, 0.1506, 0.6740, 0.00256
1.5708, 0.0000, 0.0000, 0.0000, 0.1506, 0.7150, 0.00222
1.5708, 0.0000, 0.0000, 0.0000, 0.1506, 0.7150, 0.00231
1.5708, 0.0000, 0.0000, 0.0000, 0.1506, 0.7150, 0.00240
1.5708, 0.0000, 0.0000, 0.0000, 0.1506, 0.7150, 0.00248
1.5708, 0.0000, 0.0000, 0.0000, 0.1506, 0.7150, 0.00256
1.5708, 0.0000, 0.0000, 0.0000, 0.1506, 0.9170, 0.00222
1.5708, 0.0000, 0.0000, 0.0000, 0.1506, 0.9170, 0.00231
1.5708, 0.0000, 0.0000, 0.0000, 0.1506, 0.9170, 0.00240
1.5708, 0.0000, 0.0000, 0.0000, 0.1506, 0.9170, 0.00248
1.5708, 0.0000, 0.0000, 0.0000, 0.1506, 0.9170, 0.00256
1.5708, 0.0000, 0.0000, 0.0000, 0.1506, 1.1190, 0.00222
1.5708, 0.0000, 0.0000, 0.0000, 0.1506, 1.1190, 0.00231
1.5708, 0.0000, 0.0000, 0.0000, 0.1506, 1.1190, 0.00240
1.5708, 0.0000, 0.0000, 0.0000, 0.1506, 1.1190, 0.00248
1.5708, 0.0000, 0.0000, 0.0000, 0.1506, 1.1190, 0.00256
1.5708, 0.0000, 0.0000, 0.0000, 0.1530, 0.6330, 0.00222
1.5708, 0.0000, 0.0000, 0.0000, 0.1530, 0.6330, 0.00231
1.5708, 0.0000, 0.0000, 0.0000, 0.1530, 0.6330, 0.00240
1.5708, 0.0000, 0.0000, 0.0000, 0.1530, 0.6330, 0.00248
1.5708, 0.0000, 0.0000, 0.0000, 0.1530, 0.6330, 0.00256
1.5708, 0.0000, 0.0000, 0.0000, 0.1530, 0.6740, 0.00222
1.5708, 0.0000, 0.0000, 0.0000, 0.1530, 0.6740, 0.00231
1.5708, 0.0000, 0.0000, 0.0000, 0.1530, 0.6740, 0.00240
1.5708, 0.0000, 0.0000, 0.0000, 0.1530, 0.6740, 0.00248
1.5708, 0.0000, 0.0000, 0.0000, 0.1530, 0.6740, 0.00256
1.5708, 0.0000, 0.0000, 0.0000, 0.1530, 0.7150, 0.00222
1.5708, 0.0000, 0.0000, 0.0000, 0.1530, 0.7150, 0.00231
1.5708, 0.0000, 0.0000, 0.0000, 0.1530, 0.7150, 0.00240
1.5708, 0.0000, 0.0000, 0.0000, 0.1530, 0.7150, 0.00248
1.5708, 0.0000, 0.0000, 0.0000, 0.1530, 0.7150, 0.00256
1.5708, 0.0000, 0.0000, 0.0000, 0.1530, 0.9170, 0.00222
1.5708, 0.0000, 0.0000, 0.0000, 0.1530, 0.9170, 0.00231
1.5708, 0.0000, 0.0000, 0.0000, 0.1530, 0.9170, 0.00240
1.5708, 0.0000, 0.0000, 0.0000, 0.1530, 0.9170, 0.00248
1.5708, 0.0000, 0.0000, 0.0000, 0.1530, 0.9170, 0.00256
1.5708, 0.0000, 0.0000, 0.0000, 0.1530, 1.1190, 0.00222
1.5708, 0.0000, 0.0000, 0.0000, 0.1530, 1.1190, 0.00231
1.5708, 0.0000, 0.0000, 0.0000, 0.1530, 1.1190, 0.00240
1.5708, 0.0000, 0.0000, 0.0000, 0.1530, 1.1190, 0.00248
1.5708, 0.0000, 0.0000, 0.0000, 0.1530, 1.1190, 0.00256
1.5708, 0.0000, 0.0000, 0.7854, 0.1434, 0.6330, 0.00222
1.5708, 0.0000, 0.0000, 0.7854, 0.1434, 0.6330, 0.00231
1.5708, 0.0000, 0.0000, 0.7854, 0.1434, 0.6330, 0.00240
1.5708, 0.0000, 0.0000, 0.7854, 0.1434, 0.6330, 0.00248
1.5708, 0.0000, 0.0000, 0.7854, 0.1434, 0.6330, 0.00256
1.5708, 0.0000, 0.0000, 0.7854, 0.1434, 0.6740, 0.00222
1.5708, 0.0000, 0.0000, 0.7854, 0.1434, 0.6740, 0.00231
1.5708, 0.0000, 0.0000, 0.7854, 0.1434, 0.6740, 0.00240
1.5708, 0.0000, 0.0000, 0.7854, 0.1434, 0.6740, 0.00248
1.5708, 0.0000, 0.0000, 0.7854, 0.1434, 0.6740, 0.00256
1.5708, 0.0000, 0.0000, 0.7854, 0.1434, 0.7150, 0.00222
1.5708, 0.0000, 0.0000, 0.7854, 0.1434, 0.7150, 0.00231
1.5708, 0.0000, 0.0000, 0.7854, 0.1434, 0.7150, 0.00240
1.5708, 0.0000, 0.0000, 0.7854, 0.1434, 0.7150, 0.00248
1.5708, 0.0000, 0.0000, 0.7854, 0.1434, 0.7150, 0.00256
1.5708, 0.0000, 0.0000, 0.7854, 0.1434, 0.9170, 0.00222
1.5708, 0.0000, 0.0000, 0.7854, 0.1434, 0.9170, 0.00231
1.5708, 0.0000, 0.0000, 0.7854, 0.1434, 0.9170, 0.00240
1.5708, 0.0000, 0.0000, 0.7854, 0.1434, 0.9170, 0.00248
1.5708, 0.0000, 0.0000, 0.7854, 0.1434, 0.9170, 0.00256
1.5708, 0.0000, 0.0000, 0.7854, 0.1434, 1.1190, 0.00222
1.5708, 0.0000, 0.0000, 0.7854, 0.1434, 1.1190, 0.00231
1.5708, 0.0000, 0.0000, 0.7854, 0.1434, 1.1190, 0.00240
1.5708, 0.0000, 0.0000, 0.7854, 0.1434, 1.1190, 0.00248
1.5708, 0.0000, 0.0000, 0.7854, 0.1434, 1.1190, 0.00256
1.5708, 0.0000, 0.0000, 0.7854, 0.1458, 0.6330, 0.00222
1.5708, 0.0000, 0.0000, 0.7854, 0.1458, 0.6330, 0.00231
1.5708, 0.0000, 0.0000, 0.7854, 0.1458, 0.6330, 0.00240
1.5708, 0.0000, 0.0000, 0.7854, 0.1458, 0.6330, 0.00248
1.5708, 0.0000, 0.0000, 0.7854, 0.1458, 0.6330, 0.00256
1.5708, 0.0000, 0.0000, 0.7854, 0.1458, 0.6740, 0.00222
1.5708, 0.0000, 0.0000, 0.7854, 0.1458, 0.6740, 0.00231
1.5708, 0.0000, 0.0000, 0.7854, 0.1458, 0.6740, 0.00240
1.5708, 0.0000, 0.0000, 0.7854, 0.1458, 0.6740, 0.00248
1.5708, 0.0000, 0.0000, 0.7854, 0.1458, 0.6740, 0.00256
1.5708, 0.0000, 0.0000, 0.7854, 0.1458, 0.7150, 0.00222
1.5708, 0.0000, 0.0000, 0.7854, 0.1458, 0.7150, 0.00231
1.5708, 0.0000, 0.0000, 0.7854, 0.1458, 0.7150, 0.00240
1.5708, 0.0000, 0.0000, 0.7854, 0.1458, 0.7150, 0.00248
1.5708, 0.0000, 0.0000, 0.7854, 0.1458, 0.7150, 0.00256
1.5708, 0.0000, 0.0000, 0.7854, 0.1458, 0.9170, 0.00222
1.5708, 0.0000, 0.0000, 0.7854, 0.1458, 0.9170, 0.00231
1.5708, 0.0000, 0.0000, 0.7854, 0.1458, 0.9170, 0.00240
1.5708, 0.0000, 0.0000, 0.7854, 0.1458, 0.9170, 0.00248
1.5708, 0.0000, 0.0000, 0.7854, 0.1458, 0.9170, 0.00256
1.5708, 0.0000, 0.0000, 0.7854, 0.1458, 1.1190, 0.00222
1.5708, 0.0000, 0.0000, 0.7854, 0.1458, 1.1190, 0.00231
1.5708, 0.0000, 0.0000, 0.7854, 0.1458, 1.1190, 0.00240
1.5708, 0.0000, 0.0000, 0.7854, 0.1458, 1.1190, 0.00248
1.5708, 0.0000, 0.0000, 0.7854, 0.1458, 1.1190, 0.00256
1.5708, 0.0000, 0.0000, 0.7854, 0.1482, 0.6330, 0.00222
1.5708, 0.0000, 0.0000, 0.7854, 0.1482, 0.6330, 0.00231
1.5708, 0.0000, 0.0000, 0.7854, 0.1482, 0.6330, 0.00240
1.5708, 0.0000, 0.0000, 0.7854, 0.1482, 0.6330, 0.00248
1.5708, 0.0000, 0.0000, 0.7854, 0.1482, 0.6330, 0.00256
1.5708, 0.0000, 0.0000, 0.7854, 0.1482, 0.6740, 0.00222
1.5708, 0.0000, 0.0000, 0.7854, 0.1482, 0.6740, 0.00231
1.5708, 0.0000, 0.0000, 0.7854, 0.1482, 0.6740, 0.00240
1.5708, 0.0000, 0.0000, 0.7854, 0.1482, 0.6740, 0.00248
1.5708, 0.0000, 0.0000, 0.7854, 0.1482, 0.6740, 0.00256
1.5708, 0.0000, 0.0000, 0.7854, 0.1482, 0.7150, 0.00222
1.5708, 0.0000, 0.0000, 0.7854, 0.1482, 0.7150, 0.00231
1.5708, 0.0000, 0.0000, 0.7854, 0.1482, 0.7150, 0.00240
1.5708, 0.0000, 0.0000, 0.7854, 0.1482, 0.7150, 0.00248
1.5708, 0.0000, 0.0000, 0.7854, 0.1482, 0.7150, 0.00256
1.5708, 0.0000, 0.0000, 0.7854, 0.1482, 0.9170, 0.00222
1.5708, 0.0000, 0.0000, 0.7854, 0.1482, 0.9170, 0.00231
1.5708, 0.0000, 0.0000, 0.7854, 0.1482, 0.9170, 0.00240
1.5708, 0.0000, 0.0000, 0.7854, 0.1482, 0.9170, 0.00248
1.5708, 0.0000, 0.0000, 0.7854, 0.1482, 0.9170, 0.00256
1.5708, 0.0000, 0.0000, 0.7854, 0.1482, 1.1190, 0.00222
1.5708, 0.0000, 0.0000, 0.7854, 0.1482, 1.1190, 0.00231
1.5708, 0.0000, 0.0000, 0.7854, 0.1482, 1.1190, 0.00240
1.5708, 0.0000, 0.0000, 0.7854, 0.1482, 1.1190, 0.00248
1.5708, 0.0000, 0.0000, 0.7854, 0.1482, 1.1190, 0.00256
1.5708, 0.0000, 0.0000, 0.7854, 0.1506, 0.6330, 0.00222
1.5708, 0.0000, 0.0000, 0.7854, 0.1506, 0.6330, 0.00231
1.5708, 0.0000, 0.0000, 0.7854, 0.1506, 0.6330, 0.00240
1.5708, 0.0000, 0.0000, 0.7854, 0.1506, 0.6330, 0.00248
1.5708, 0.0000, 0.0000, 0.7854, 0.1506, 0.6330, 0.00256
1.5708, 0.0000, 0.0000, 0.7854, 0.1506, 0.6740, 0.00222
1.5708, 0.0000, 0.0000, 0.7854, 0.1506, 0.6740, 0.00231
1.5708, 0.0000, 0.0000, 0.7854, 0.1506, 0.6740, 0.00240
1.5708, 0.0000, 0.0000, 0.7854, 0.1506, 0.6740, 0.00248
1.5708, 0.0000, 0.0000, 0.7854, 0.1506, 0.6740, 0.00256
1.5708, 0.0000, 0.0000, 0.7854, 0.1506, 0.7150, 0.00222
1.5708, 0.0000, 0.0000, 0.7854, 0.1506, 0.7150, 0.00231
1.5708, 0.0000, 0.0000, 0.7854, 0.1506, 0.7150, 0.00240
1.5708, 0.0000, 0.0000, 0.7854, 0.1506, 0.7150, 0.00248
1.5708, 0.0000, 0.0000, 0.7854, 0.1506, 0.7150, 0.00256
1.5708, 0.0000, 0.0000, 0.7854, 0.1506, 0.9170, 0.00222
1.5708, 0.0000, 0.0000, 0.7854, 0.1506, 0.9170, 0.00231
1.5708, 0.0000, 0.0000, 0.7854, 0.1506, 0.9170, 0.00240
1.5708, 0.0000, 0.0000, 0.7854, 0.1506, 0.9170, 0.00248
1.5708, 0.0000, 0.0000, 0.7854, 0.1506, 0.9170, 0.00256
1.5708, 0.0000, 0.0000, 0.7854, 0.1506, 1.1190, 0.00222
1.5708, 0.0000, 0.0000, 0.7854, 0.1506, 1.1190, 0.00231
1.5708, 0.0000, 0.0000, 0.7854, 0.1506, 1.1190, 0.00240
1.5708, 0.0000, 0.0000, 0.7854, 0.1506, 1.1190, 0.00248
1.5708, 0.0000, 0.0000, 0.7854, 0.1506, 1.1190, 0.00256
1.5708, 0.0000, 0.0000, 0.7854, 0.1530, 0.6330, 0.00222
1.5708, 0.0000, 0.0000, 0.7854, 0.1530, 0.6330, 0.00231
1.5708, 0.0000, 0.0000, 0.7854, 0.1530, 0.6330, 0.00240
1.5708, 0.0000, 0.0000, 0.7854, 0.1530, 0.6330, 0.00248
1.5708, 0.0000, 0.0000, 0.7854, 0.1530, 0.6330, 0.00256
1.5708, 0.0000, 0.0000, 0.7854, 0.1530, 0.6740, 0.00222
1.5708, 0.0000, 0.0000, 0.7854, 0.1530, 0.6740, 0.00231
1.5708, 0.0000, 0.0000, 0.7854, 0.1530, 0.6740, 0.00240
1.5708, 0.0000, 0.0000, 0.7854, 0.1530, 0.6740, 0.00248
1.5708, 0.0000, 0.0000, 0.7854, 0.1530, 0.6740, 0.00256
1.5708, 0.0000, 0.0000, 0.7854, 0.1530, 0.7150, 0.00222
1.5708, 0.0000, 0.0000, 0.7854, 0.1530, 0.7150, 0.00231
1.5708, 0.0000, 0.0000, 0.7854, 0.1530, 0.7150, 0.00240
1.5708, 0.0000, 0.0000, 0.7854, 0.1530, 0.7150, 0.00248
1.5708, 0.0000, 0.0000, 0.7854, 0.1530, 0.7150, 0.00256
1.5708, 0.0000, 0.0000, 0.7854, 0.1530, 0.9170, 0.00222
1.5708, 0.0000, 0.0000, 0.7854, 0.1530, 0.9170, 0.00231
1.5708, 0.0000, 0.0000, 0.7854, 0.1530, 0.9170, 0.00240
1.5708, 0.0000, 0.0000, 0.7854, 0.1530, 0.9170, 0.00248
1.5708, 0.0000, 0.0000, 0.7854, 0.1530, 0.9170, 0.00256
1.5708, 0.0000, 0.0000, 0.7854, 0.1530, 1.1190, 0.00222
1.5708, 0.0000, 0.0000, 0.7854, 0.1530, 1.1190, 0.00231
1.5708, 0.0000, 0.0000, 0.7854, 0.1530, 1.1190, 0.00240
1.5708, 0.0000, 0.0000, 0.7854, 0.1530, 1.1190, 0.00248
1.5708, 0.0000, 0.0000, 0.7854, 0.1530, 1.1190, 0.00256
1.5708, 0.0000, 0.0000, 1.5708, 0.1434, 0.6330, 0.00222
1.5708, 0.0000, 0.0000, 1.5708, 0.1434, 0.6330, 0.00231
1.5708, 0.0000, 0.0000, 1.5708, 0.1434, 0.6330, 0.00240
1.5708, 0.0000, 0.0000, 1.5708, 0.1434, 0.6330, 0.00248
1.5708, 0.0000, 0.0000, 1.5708, 0.1434, 0.6330, 0.00256
1.5708, 0.0000, 0.0000, 1.5708, 0.1434, 0.6740, 0.00222
1.5708, 0.0000, 0.0000, 1.5708, 0.1434, 0.6740, 0.00231
1.5708, 0.0000, 0.0000, 1.5708, 0.1434, 0.6740, 0.00240
1.5708, 0.0000, 0.0000, 1.5708, 0.1434, 0.6740, 0.00248
1.5708, 0.0000, 0.0000, 1.5708, 0.1434, 0.6740, 0.00256
1.5708, 0.0000, 0.0000, 1.5708, 0.1434, 0.7150, 0.00222
1.5708, 0.0000, 0.0000, 1.5708, 0.1434, 0.7150, 0.00231
1.5708, 0.0000, 0.0000, 1.5708, 0.1434, 0.7150, 0.00240
1.5708, 0.0000, 0.0000, 1.5708, 0.1434, 0.7150, 0.00248
1.5708, 0.0000, 0.0000, 1.5708, 0.1434, 0.7150, 0.00256
1.5708, 0.0000, 0.0000, 1.5708, 0.1434, 0.9170, 0.00222
1.5708, 0.0000, 0.0000, 1.5708, 0.1434, 0.9170, 0.00231
1.5708, 0.0000, 0.0000, 1.5708, 0.1434, 0.9170, 0.00240
1.5708, 0.0000, 0.0000, 1.5708, 0.1434, 0.9170, 0.00248
1.5708, 0.0000, 0.0000, 1.5708, 0.1434, 0.9170, 0.00256
1.5708, 0.0000, 0.0000, 1.5708, 0.1434, 1.1190, 0.00222
1.5708, 0.0000, 0.0000, 1.5708, 0.1434, 1.1190, 0.00231
1.5708, 0.0000, 0.0000, 1.5708, 0.1434, 1.1190, 0.00240
1.5708, 0.0000, 0.0000, 1.5708, 0.1434, 1.1190, 0.00248
1.5708, 0.0000, 0.0000, 1.5708, 0.1434, 1.1190, 0.00256
1.5708, 0.0000, 0.0000, 1.5708, 0.1458, 0.6330, 0.00222
1.5708, 0.0000, 0.0000, 1.5708, 0.1458, 0.6330, 0.00231
1.5708, 0.0000, 0.0000, 1.5708, 0.1458, 0.6330, 0.00240
1.5708, 0.0000, 0.0000, 1.5708, 0.1458, 0.6330, 0.00248
1.5708, 0.0000, 0.0000, 1.5708, 0.1458, 0.6330, 0.00256
1.5708, 0.0000, 0.0000, 1.5708, 0.1458, 0.6740, 0.00222
1.5708, 0.0000, 0.0000, 1.5708, 0.1458, 0.6740, 0.00231
1.5708, 0.0000, 0.0000, 1.5708, 0.1458, 0.6740, 0.00240
1.5708, 0.0000, 0.0000, 1.5708, 0.1458, 0.6740, 0.00248
1.5708, 0.0000, 0.0000, 1.5708, 0.1458, 0.6740, 0.00256
1.5708, 0.0000, 0.0000, 1.5708, 0.1458, 0.7150, 0.00222
1.5708, 0.0000, 0.0000, 1.5708, 0.1458, 0.7150, 0.00231
1.5708, 0.0000, 0.0000, 1.5708, 0.1458, 0.7150, 0.00240
1.5708, 0.0000, 0.0000, 1.5708, 0.1458, 0.7150, 0.00248
1.5708, 0.0000, 0.0000, 1.5708, 0.1458, 0.7150, 0.00256
1.5708, 0.0000, 0.0000, 1.5708, 0.1458, 0.9170, 0.00222
1.5708, 0.0000, 0.0000, 1.5708, 0.1458, 0.9170, 0.00231
1.5708, 0.0000, 0.0000, 1.5708, 0.1458, 0.9170, 0.00240
1.5708, 0.0000, 0.0000, 1.5708, 0.1458, 0.9170, 0.00248
1.5708, 0.0000, 0.0000, 1.5708, 0.1458, 0.9170, 0.00256
1.5708, 0.0000, 0.0000, 1.5708, 0.1458, 1.1190, 0.00222
1.5708, 0.0000, 0.0000, 1.5708, 0.1458, 1.1190, 0.00231
1.5708, 0.0000, 0.0000, 1.5708, 0.1458, 1.1190, 0.00240
1.5708, 0.0000, 0.0000, 1.5708, 0.1458, 1.1190, 0.00248
1.5708, 0.0000, 0.0000, 1.5708, 0.1458, 1.1190, 0.00256
1.5708, 0.0000, 0.0000, 1.5708, 0.1482, 0.6330, 0.00222
1.5708, 0.0000, 0.0000, 1.5708, 0.1482, 0.6330, 0.00231
1.5708, 0.0000, 0.0000, 1.5708, 0.1482, 0.6330, 0.00240
1.5708, 0.0000, 0.0000, 1.5708, 0.1482, 0.6330, 0.00248
1.5708, 0.0000, 0.0000, 1.5708, 0.1482, 0.6330, 0.00256
1.5708, 0.0000, 0.0000, 1.5708, 0.1482, 0.6740, 0.00222
1.5708, 0.0000, 0.0000, 1.5708, 0.1482, 0.6740, 0.00231
1.5708, 0.0000, 0.0000, 1.5708, 0.1482, 0.6740, 0.00240
1.5708, 0.0000, 0.0000, 1.5708, 0.1482, 0.6740, 0.00248
1.5708, 0.0000, 0.0000, 1.5708, 0.1482, 0.6740, 0.00256
1.5708, 0.0000, 0.0000, 1.5708, 0.1482, 0.7150, 0.00222
1.5708, 0.0000, 0.0000, 1.5708, 0.1482, 0.7150, 0.00231
1.5708, 0.0000, 0.0000, 1.5708, 0.1482, 0.7150, 0.00240
1.5708, 0.0000, 0.0000, 1.5708, 0.1482, 0.7150, 0.00248
1.5708, 0.0000, 0.0000, 1.5708, 0.1482, 0.7150, 0.00256
1.5708, 0.0000, 0.0000, 1.5708, 0.1482, 0.9170, 0.00222
1.5708, 0.0000, 0.0000, 1.5708, 0.1482, 0.9170, 0.00231
1.5708, 0.0000, 0.0000, 1.5708, 0.1482, 0.9170, 0.00240
1.5708, 0.0000, 0.0000, 1.5708, 0.1482, 0.9170, 0.00248
1.5708, 0.0000, 0.0000, 1.5708, 0.1482, 0.9170, 0.00256
1.5708, 0.0000, 0.0000, 1.5708, 0.1482, 1.1190, 0.00222
1.5708, 0.0000, 0.0000, 1.5708, 0.1482, 1.1190, 0.00231
1.5708, 0.0000, 0.0000, 1.5708, 0.1482, 1.1190, 0.00240
1.5708, 0.0000, 0.0000, 1.5708, 0.1482, 1.1190, 0.00248
1.5708, 0.0000, 0.0000, 1.5708, 0.1482, 1.1190, 0.00256
1.5708, 0.0000, 0.0000, 1.5708, 0.1506, 0.6330, 0.00222
1.5708, 0.0000, 0.0000, 1.5708, 0.1506, 0.6330, 0.00231
1.5708, 0.0000, 0.0000, 1.5708, 0.1506, 0.6330, 0.00240
1.5708, 0.0000, 0.0000, 1.5708, 0.1506, 0.6330, 0.00248
1.5708, 0.0000, 0.0000, 1.5708, 0.1506, 0.6330, 0.00256
1.5708, 0.0000, 0.0000, 1.5708, 0.1506, 0.6740, 0.00222
1.5708, 0.0000, 0.0000, 1.5708, 0.1506, 0.6740, 0.00231
1.5708, 0.0000, 0.0000, 1.5708, 0.1506, 0.6740, 0.00240
1.5708, 0.0000, 0.0000, 1.5708, 0.1506, 0.6740, 0.00248
1.5708, 0.0000, 0.0000, 1.5708, 0.1506, 0.6740, 0.00256
1.5708, 0.0000, 0.0000, 1.5708, 0.1506, 0.7150, 0.00222
1.5708, 0.0000, 0.0000, 1.5708, 0.1506, 0.7150, 0.00231
1.5708, 0.0000, 0.0000, 1.5708, 0.1506, 0.7150, 0.00240
1.5708, 0.0000, 0.0000, 1.5708, 0.1506, 0.7150, 0.00248
1.5708, 0.0000, 0.0000, 1.5708, 0.1506, 0.7150, 0.00256
1.5708, 0.0000, 0.0000, 1.5708, 0.1506, 0.9170, 0.00222
1.5708, 0.0000, 0.0000, 1.5708, 0.1506, 0.9170, 0.00231
1.5708, 0.0000, 0.0000, 1.5708, 0.1506, 0.9170, 0.00240
1.5708, 0.0000, 0.0000, 1.5708, 0.1506, 0.9170, 0.00248
1.5708, 0.0000, 0.0000, 1.5708, 0.1506, 0.9170, 0.00256
1.5708, 0.0000, 0.0000, 1.5708, 0.1506, 1.1190, 0.00222
1.5708, 0.0000, 0.0000, 1.5708, 0.1506, 1.1190, 0.00231
1.5708, 0.0000, 0.0000, 1.5708, 0.1506, 1.1190, 0.00240
1.5708, 0.0000, 0.0000, 1.5708, 0.1506, 1.1190, 0.00248
1.5708, 0.0000, 0.0000, 1.5708, 0.1506, 1.1190, 0.00256
1.5708, 0.0000, 0.0000, 1.5708, 0.1530, 0.6330, 0.00222
1.5708, 0.0000, 0.0000, 1.5708, 0.1530, 0.6330, 0.00231
1.5708, 0.0000, 0.0000, 1.5708, 0.1530, 0.6330, 0.00240
1.5708, 0.0000, 0.0000, 1.5708, 0.1530, 0.6330, 0.00248
1.5708, 0.0000, 0.0000, 1.5708, 0.1530, 0.6330, 0.00256
1.5708, 0.0000, 0.0000, 1.5708, 0.1530, 0.6740, 0.00222
1.5708, 0.0000, 0.0000, 1.5708, 0.1530, 0.6740, 0.00231
1.5708, 0.0000, 0.0000, 1.5708, 0.1530, 0.6740, 0.00240
1.5708, 0.0000, 0.0000, 1.5708, 0.1530, 0.6740, 0.00248
1.5708, 0.0000, 0.0000, 1.5708, 0.1530, 0.6740, 0.00256
1.5708, 0.0000, 0.0000, 1.5708, 0.1530, 0.7150, 0.00222
1.5708, 0.0000, 0.0000, 1.5708, 0.1530, 0.7150, 0.00231
1.5708, 0.0000, 0.0000, 1.5708, 0.1530, 0.7150, 0.00240
1.5708, 0.0000, 0.0000, 1.5708, 0.1530, 0.7150, 0.00248
1.5708, 0.0000, 0.0000, 1.5708, 0.1530, 0.7150, 0.00256
1.5708, 0.0000, 0.0000, 1.5708, 0.1530, 0.9170, 0.00222
1.5708, 0.0000, 0.0000, 1.5708, 0.1530, 0.9170, 0.00231
1.5708, 0.0000, 0.0000, 1.5708, 0.1530, 0.9170, 0.00240
1.5708, 0.0000, 0.0000, 1.5708, 0.1530, 0.9170, 0.00248
1.5708, 0.0000, 0.0000, 1.5708, 0.1530, 0.9170, 0.00256
1.5708, 0.0000, 0.0000, 1.5708, 0.1530, 1.1190, 0.00222
1.5708, 0.0000, 0.0000, 1.5708, 0.1530, 1.1190, 0.00231
1.5708, 0.0000, 0.0000, 1.5708, 0.1530, 1.1190, 0.00240
1.5708, 0.0000, 0.0000, 1.5708, 0.1530, 1.1190, 0.00248
1.5708, 0.0000, 0.0000, 1.5708, 0.1530, 1.1190, 0.00256
4.7124, 0.0000, 0.0000, 0.0000, 0.1434, 0.6330, 0.00222
4.7124, 0.0000, 0.0000, 0.0000, 0.1434, 0.6330, 0.00231
4.7124, 0.0000, 0.0000, 0.0000, 0.1434, 0.6330, 0.00240
4.7124, 0.0000, 0.0000, 0.0000, 0.1434, 0.6330, 0.00248
4.7124, 0.0000, 0.0000, 0.0000, 0.1434, 0.6330, 0.00256
4.7124, 0.0000, 0.0000, 0.0000, 0.1434, 0.6740, 0.00222
4.7124, 0.0000, 0.0000, 0.0000, 0.1434, 0.6740, 0.00231
4.7124, 0.0000, 0.0000, 0.0000, 0.1434, 0.6740, 0.00240
4.7124, 0.0000, 0.0000, 0.0000, 0.1434, 0.6740, 0.00248
4.7124, 0.0000, 0.0000, 0.0000, 0.1434, 0.6740, 0.00256
4.7124, 0.0000, 0.0000, 0.0000, 0.1434, 0.7150, 0.00222
4.7124, 0.0000, 0.0000, 0.0000, 0.1434, 0.7150, 0.00231
4.7124, 0.0000, 0.0000, 0.0000, 0.1434, 0.7150, 0.00240
4.7124, 0.0000, 0.0000, 0.0000, 0.1434, 0.7150, 0.00248
4.7124, 0.0000, 0.0000, 0.0000, 0.1434, 0.7150, 0.00256
4.7124, 0.0000, 0.0000, 0.0000, 0.1434, 0.9170, 0.00222
4.7124, 0.0000, 0.0000, 0.0000, 0.1434, 0.9170, 0.00231
4.7124, 0.0000, 0.0000, 0.0000, 0.1434, 0.9170, 0.00240
4.7124, 0.0000, 0.0000, 0.0000, 0.1434, 0.9170, 0.00248
4.7124, 0.0000, 0.0000, 0.0000, 0.1434, 0.9170, 0.00256
4.7124, 0.0000, 0.0000, 0.0000, 0.1434, 1.1190, 0.00222
4.7124, 0.0000, 0.0000, 0.0000, 0.1434, 1.1190, 0.00231
4.7124, 0.0000, 0.0000, 0.0000, 0.1434, 1.1190, 0.00240
4.7124, 0.0000, 0.0000, 0.0000, 0.1434, 1.1190, 0.00248
4.7124, 0.0000, 0.0000, 0.0000, 0.1434, 1.1190, 0.00256
4.7124, 0.0000, 0.0000, 0.0000, 0.1458, 0.6330, 0.00222
4.7124, 0.0000, 0.0000, 0.0000, 0.1458, 0.6330, 0.00231
4.7124, 0.0000, 0.0000, 0.0000, 0.1458, 0.6330, 0.00240
4.7124, 0.0000, 0.0000, 0.0000, 0.1458, 0.6330, 0.00248
4.7124, 0.0000, 0.0000, 0.0000, 0.1458, 0.6330, 0.00256
4.7124, 0.0000, 0.0000, 0.0000, 0.1458, 0.6740, 0.00222
4.7124, 0.0000, 0.0000, 0.0000, 0.1458, 0.6740, 0.00231
4.7124, 0.0000, 0.0000, 0.0000, 0.1458, 0.6740, 0.00240
4.7124, 0.0000, 0.0000, 0.0000, 0.1458, 0.6740, 0.00248
4.7124, 0.0000, 0.0000, 0.0000, 0.1458, 0.6740, 0.00256
4.7124, 0.0000, 0.0000, 0.0000, 0.1458, 0.7150, 0.00222
4.7124, 0.0000, 0.0000, 0.0000, 0.1458, 0.7150, 0.00231
4.7124, 0.0000, 0.0000, 0.0000, 0.1458, 0.7150, 0.00240
4.7124, 0.0000, 0.0000, 0.0000, 0.1458, 0.7150, 0.00248
4.7124, 0.0000, 0.0000, 0.0000, 0.1458, 0.7150, 0.00256
4.7124, 0.0000, 0.0000, 0.0000, 0.1458, 0.9170, 0.00222
4.7124, 0.0000, 0.0000, 0.0000, 0.1458, 0.9170, 0.00231
4.7124, 0.0000, 0.0000, 0.0000, 0.1458, 0.9170, 0.00240
4.7124, 0.0000, 0.0000, 0.0000, 0.1458, 0.9170, 0.00248
4.7124, 0.0000, 0.0000, 0.0000, 0.1458, 0.9170, 0.00256
4.7124, 0.0000, 0.0000, 0.0000, 0.1458, 1.1190, 0.00222
4.7124, 0.0000, 0.0000, 0.0000, 0.1458, 1.1190, 0.00231
4.7124, 0.0000, 0.0000, 0.0000, 0.1458, 1.1190, 0.00240
4.7124, 0.0000, 0.0000, 0.0000, 0.1458, 1.1190, 0.00248
4.7124, 0.0000, 0.0000, 0.0000, 0.1458, 1.1190, 0.00256
4.7124, 0.0000, 0.0000, 0.0000, 0.1482, 0.6330, 0.00222
4.7124, 0.0000, 0.0000, 0.0000, 0.1482, 0.6330, 0.00231
4.7124, 0.0000, 0.0000, 0.0000, 0.1482, 0.6330, 0.00240
4.7124, 0.0000, 0.0000, 0.0000, 0.1482, 0.6330, 0.00248
4.7124, 0.0000, 0.0000, 0.0000, 0.1482, 0.6330, 0.00256
4.7124, 0.0000, 0.0000, 0.0000, 0.1482, 0.6740, 0.00222
4.7124, 0.0000, 0.0000, 0.0000, 0.1482, 0.6740, 0.00231
4.7124, 0.0000, 0.0000, 0.0000, 0.1482, 0.6740, 0.00240
4.7124, 0.0000, 0.0000, 0.0000, 0.1482, 0.6740, 0.00248
4.7124, 0.0000, 0.0000, 0.0000, 0.1482, 0.6740, 0.00256
4.7124, 0.0000, 0.0000, 0.0000, 0.1482, 0.7150, 0.00222
4.7124, 0.0000, 0.0000, 0.0000, 0.1482, 0.7150, 0.00231
4.7124, 0.0000, 0.0000, 0.0000, 0.1482, 0.7150, 0.00240
4.7124, 0.0000, 0.0000, 0.0000, 0.1482, 0.7150, 0.00248
4.7124, 0.0000, 0.0000, 0.0000, 0.1482, 0.7150, 0.00256
4.7124, 0.0000, 0.0000, 0.0000, 0.1482, 0.9170, 0.00222
4.7124, 0.0000, 0.0000, 0.0000, 0.1482, 0.9170, 0.00231
4.7124, 0.0000, 0.0000, 0.0000, 0.1482, 0.9170, 0.00240
4.7124, 0.0000, 0.0000, 0.0000, 0.1482, 0.9170, 0.00248
4.7124, 0.0000, 0.0000, 0.0000, 0.1482, 0.9170, 0.00256
4.7124, 0.0000, 0.0000, 0.0000, 0.1482, 1.1190, 0.00222
4.7124, 0.0000, 0.0000, 0.0000, 0.1482, 1.1190, 0.00231
4.7124, 0.0000, 0.0000, 0.0000, 0.1482, 1.1190, 0.00240
4.7124, 0.0000, 0.0000, 0.0000, 0.1482, 1.1190, 0.00248
4.7124, 0.0000, 0.0000, 0.0000, 0.1482, 1.1190, 0.00256
4.7124, 0.0000, 0.0000, 0.0000, 0.1506, 0.6330, 0.00222
4.7124, 0.0000, 0.0000, 0.0000, 0.1506, 0.6330, 0.00231
4.7124, 0.0000, 0.0000, 0.0000, 0.1506, 0.6330, 0.00240
4.7124, 0.0000, 0.0000, 0.0000, 0.1506, 0.6330, 0.00248
4.7124, 0.0000, 0.0000, 0.0000, 0.1506, 0.6330, 0.00256
4.7124, 0.0000, 0.0000, 0.0000, 0.1506, 0.6740, 0.00222
4.7124, 0.0000, 0.0000, 0.0000, 0.1506, 0.6740, 0.00231
4.7124, 0.0000, 0.0000, 0.0000, 0.1506, 0.6740, 0.00240
4.7124, 0.0000, 0.0000, 0.0000, 0.1506, 0.6740, 0.00248
4.7124, 0.0000, 0.0000, 0.0000, 0.1506, 0.6740, 0.00256
4.7124, 0.0000, 0.0000, 0.0000, 0.1506, 0.7150, 0.00222
4.7124, 0.0000, 0.0000, 0.0000, 0.1506, 0.7150, 0.00231
4.7124, 0.0000, 0.0000, 0.0000, 0.1506, 0.7150, 0.00240
4.7124, 0.0000, 0.0000, 0.0000, 0.1506, 0.7150, 0.00248
4.7124, 0.0000, 0.0000, 0.0000, 0.1506, 0.7150, 0.00256
4.7124, 0.0000, 0.0000, 0.0000, 0.1506, 0.9170, 0.00222
4.7124, 0.0000, 0.0000, 0.0000, 0.1506, 0.9170, 0.00231
4.7124, 0.0000, 0.0000, 0.0000, 0.1506, 0.9170, 0.00240
4.7124, 0.0000, 0.0000, 0.0000, 0.1506, 0.9170, 0.00248
4.7124, 0.0000, 0.0000, 0.0000, 0.1506, 0.9170, 0.00256
4.7124, 0.0000, 0.0000, 0.0000, 0.1506, 1.1190, 0.00222
4.7124, 0.0000, 0.0000, 0.0000, 0.1506, 1.1190, 0.00231
4.7124, 0.0000, 0.0000, 0.0000, 0.1506, 1.1190, 0.00240
4.7124, 0.0000, 0.0000, 0.0000, 0.1506, 1.1190, 0.00248
4.7124, 0.0000, 0.0000, 0.0000, 0.1506, 1.1190, 0.00256
4.7124, 0.0000, 0.0000, 0.0000, 0.1530, 0.6330, 0.00222
4.7124, 0.0000, 0.0000, 0.0000, 0.1530, 0.6330, 0.00231
4.7124, 0.0000, 0.0000, 0.0000, 0.1530, 0.6330, 0.00240
4.7124, 0.0000, 0.0000, 0.0000, 0.1530, 0.6330, 0.00248
4.7124, 0.0000, 0.0000, 0.0000, 0.1530, 0.6330, 0.00256
4.7124, 0.0000, 0.0000, 0.0000, 0.1530, 0.6740, 0.00222
4.7124, 0.0000, 0.0000, 0.0000, 0.1530, 0.6740, 0.00231
4.7124, 0.0000, 0.0000, 0.0000, 0.1530, 0.6740, 0.00240
4.7124, 0.0000, 0.0000, 0.0000, 0.1530, 0.6740, 0.00248
4.7124, 0.0000, 0.0000, 0.0000, 0.1530, 0.6740, 0.00256
4.7124, 0.0000, 0.0000, 0.0000, 0.1530, 0.7150, 0.00222
4.7124, 0.0000, 0.0000, 0.0000, 0.1530, 0.7150, 0.00231
4.7124, 0.0000, 0.0000, 0.0000, 0.1530, 0.7150, 0.00240
4.7124, 0.0000, 0.0000, 0.0000, 0.1530, 0.7150, 0.00248
4.7124, 0.0000, 0.0000, 0.0000, 0.1530, 0.7150, 0.00256
4.7124, 0.0000, 0.0000, 0.0000, 0.1530, 0.9170, 0.00222
4.7124, 0.0000, 0.0000, 0.0000, 0.1530, 0.9170, 0.00231
4.7124, 0.0000, 0.0000, 0.0000, 0.1530, 0.9170, 0.00240
4.7124, 0.0000, 0.0000, 0.0000, 0.1530, 0.9170, 0.00248
4.7124, 0.0000, 0.0000, 0.0000, 0.1530, 0.9170, 0.00256
4.7124, 0.0000, 0.0000, 0.0000, 0.1530, 1.1190, 0.00222
4.7124, 0.0000, 0.0000, 0.0000, 0.1530, 1.1190, 0.00231
4.7124, 0.0000, 0.0000, 0.0000, 0.1530, 1.1190, 0.00240
4.7124, 0.0000, 0.0000, 0.0000, 0.1530, 1.1190, 0.00248
4.7124, 0.0000, 0.0000, 0.0000, 0.1530, 1.1190, 0.00256
4.7124, 0.0000, 0.0000, 0.7854, 0.1434, 0.6330, 0.00222
4.7124, 0.0000, 0.0000, 0.7854, 0.1434, 0.6330, 0.00231
4.7124, 0.0000, 0.0000, 0.7854, 0.1434, 0.6330, 0.00240
4.7124, 0.0000, 0.0000, 0.7854, 0.1434, 0.6330, 0.00248
4.7124, 0.0000, 0.0000, 0.7854, 0.1434, 0.6330, 0.00256
4.7124, 0.0000, 0.0000, 0.7854, 0.1434, 0.6740, 0.00222
4.7124, 0.0000, 0.0000, 0.7854, 0.1434, 0.6740, 0.00231
4.7124, 0.0000, 0.0000, 0.7854, 0.1434, 0.6740, 0.00240
4.7124, 0.0000, 0.0000, 0.7854, 0.1434, 0.6740, 0.00248
4.7124, 0.0000, 0.0000, 0.7854, 0.1434, 0.6740, 0.00256
4.7124, 0.0000, 0.0000, 0.7854, 0.1434, 0.7150, 0.00222
4.7124, 0.0000, 0.0000, 0.7854, 0.1434, 0.7150, 0.00231
4.7124, 0.0000, 0.0000, 0.7854, 0.1434, 0.7150, 0.00240
4.7124, 0.0000, 0.0000, 0.7854, 0.1434, 0.7150, 0.00248
4.7124, 0.0000, 0.0000, 0.7854, 0.1434, 0.7150, 0.00256
4.7124, 0.0000, 0.0000, 0.7854, 0.1434, 0.9170, 0.00222
4.7124, 0.0000, 0.0000, 0.7854, 0.1434, 0.9170, 0.00231
4.7124, 0.0000, 0.0000, 0.7854, 0.1434, 0.9170, 0.00240
4.7124, 0.0000, 0.0000, 0.7854, 0.1434, 0.9170, 0.00248
4.7124, 0.0000, 0.0000, 0.7854, 0.1434, 0.9170, 0.00256
4.7124, 0.0000, 0.0000, 0.7854, 0.1434, 1.1190, 0.00222
4.7124, 0.0000, 0.0000, 0.7854, 0.1434, 1.1190, 0.00231
4.7124, 0.0000, 0.0000, 0.7854, 0.1434, 1.1190, 0.00240
4.7124, 0.0000, 0.0000, 0.7854, 0.1434, 1.1190, 0.00248
4.7124, 0.0000, 0.0000, 0.7854, 0.1434, 1.1190, 0.00256
4.7124, 0.0000, 0.0000, 0.7854, 0.1458, 0.6330, 0.00222
4.7124, 0.0000, 0.0000, 0.7854, 0.1458, 0.6330, 0.00231
4.7124, 0.0000, 0.0000, 0.7854, 0.1458, 0.6330, 0.00240
4.7124, 0.0000, 0.0000, 0.7854, 0.1458, 0.6330, 0.00248
4.7124, 0.0000, 0.0000, 0.7854, 0.1458, 0.6330, 0.00256
4.7124, 0.0000, 0.0000, 0.7854, 0.1458, 0.6740, 0.00222
4.7124, 0.0000, 0.0000, 0.7854, 0.1458, 0.6740, 0.00231
4.7124, 0.0000, 0.0000, 0.7854, 0.1458, 0.6740, 0.00240
4.7124, 0.0000, 0.0000, 0.7854, 0.1458, 0.6740, 0.00248
4.7124, 0.0000, 0.0000, 0.7854, 0.1458, 0.6740, 0.00256
4.7124, 0.0000, 0.0000, 0.7854, 0.1458, 0.7150, 0.00222
4.7124, 0.0000, 0.0000, 0.7854, 0.1458, 0.7150, 0.00231
4.7124, 0.0000, 0.0000, 0.7854, 0.1458, 0.7150, 0.00240
4.7124, 0.0000, 0.0000, 0.7854, 0.1458, 0.7150, 0.00248
4.7124, 0.0000, 0.0000, 0.7854, 0.1458, 0.7150, 0.00256
4.7124, 0.0000, 0.0000, 0.7854, 0.1458, 0.9170, 0.00222
4.7124, 0.0000, 0.0000, 0.7854, 0.1458, 0.9170, 0.00231
4.7124, 0.0000, 0.0000, 0.7854, 0.1458, 0.9170, 0.00240
4.7124, 0.0000, 0.0000, 0.7854, 0.1458, 0.9170, 0.00248
4.7124, 0.0000, 0.0000, 0.7854, 0.1458, 0.9170, 0.00256
4.7124, 0.0000, 0.0000, 0.7854, 0.1458, 1.1190, 0.00222
4.7124, 0.0000, 0.0000, 0.7854, 0.1458, 1.1190, 0.00231
4.7124, 0.0000, 0.0000, 0.7854, 0.1458, 1.1190, 0.00240
4.7124, 0.0000, 0.0000, 0.7854, 0.1458, 1.1190, 0.00248
4.7124, 0.0000, 0.0000, 0.7854, 0.1458, 1.1190, 0.00256
4.7124, 0.0000, 0.0000, 0.7854, 0.1482, 0.6330, 0.00222
4.7124, 0.0000, 0.0000, 0.7854, 0.1482, 0.6330, 0.00231
4.7124, 0.0000, 0.0000, 0.7854, 0.1482, 0.6330, 0.00240
4.7124, 0.0000, 0.0000, 0.7854, 0.1482, 0.6330, 0.00248
4.7124, 0.0000, 0.0000, 0.7854, 0.1482, 0.6330, 0.00256
4.7124, 0.0000, 0.0000, 0.7854, 0.1482, 0.6740, 0.00222
4.7124, 0.0000, 0.0000, 0.7854, 0.1482, 0.6740, 0.00231
4.7124, 0.0000, 0.0000, 0.7854, 0.1482, 0.6740, 0.00240
4.7124, 0.0000, 0.0000, 0.7854, 0.1482, 0.6740, 0.00248
4.7124, 0.0000, 0.0000, 0.7854, 0.1482, 0.6740, 0.00256
4.7124, 0.0000, 0.0000, 0.7854, 0.1482, 0.7150, 0.00222
4.7124, 0.0000, 0.0000, 0.7854, 0.1482, 0.7150, 0.00231
4.7124, 0.0000, 0.0000, 0.7854, 0.1482, 0.7150, 0.00240
4.7124, 0.0000, 0.0000, 0.7854, 0.1482, 0.7150, 0.00248
4.7124, 0.0000, 0.0000, 0.7854, 0.1482, 0.7150, 0.00256
4.7124, 0.0000, 0.0000, 0.7854, 0.1482, 0.9170, 0.00222
4.7124, 0.0000, 0.0000, 0.7854, 0.1482, 0.9170, 0.00231
4.7124, 0.0000, 0.0000, 0.7854, 0.1482, 0.9170, 0.00240
4.7124, 0.0000, 0.0000, 0.7854, 0.1482, 0.9170, 0.00248
4.7124, 0.0000, 0.0000, 0.7854, 0.1482, 0.9170, 0.00256
4.7124, 0.0000, 0.0000, 0.7854, 0.1482, 1.1190, 0.00222
4.7124, 0.0000, 0.0000, 0.7854, 0.1482, 1.1190, 0.00231
4.7124, 0.0000, 0.0000, 0.7854, 0.1482, 1.1190, 0.00240
4.7124, 0.0000, 0.0000, 0.7854, 0.1482, 1.1190, 0.00248
4.7124, 0.0000, 0.0000, 0.7854, 0.1482, 1.1190, 0.00256
4.7124, 0.0000, 0.0000, 0.7854, 0.1506, 0.6330, 0.00222
4.7124, 0.0000, 0.0000, 0.7854, 0.1506, 0.6330, 0.00231
4.7124, 0.0000, 0.0000, 0.7854, 0.1506, 0.6330, 0.00240
4.7124, 0.0000, 0.0000, 0.7854, 0.1506, 0.6330, 0.00248
4.7124, 0.0000, 0.0000, 0.7854, 0.1506, 0.6330, 0.00256
4.7124, 0.0000, 0.0000, 0.7854, 0.1506, 0.6740, 0.00222
4.7124, 0.0000, 0.0000, 0.7854, 0.1506, 0.6740, 0.00231
4.7124, 0.0000, 0.0000, 0.7854, 0.1506, 0.6740, 0.00240
4.7124, 0.0000, 0.0000, 0.7854, 0.1506, 0.6740, 0.00248
4.7124, 0.0000, 0.0000, 0.7854, 0.1506, 0.6740, 0.00256
4.7124, 0.0000, 0.0000, 0.7854, 0.1506, 0.7150, 0.00222
4.7124, 0.0000, 0.0000, 0.7854, 0.1506, 0.7150, 0.00231
4.7124, 0.0000, 0.0000, 0.7854, 0.1506, 0.7150, 0.00240
4.7124, 0.0000, 0.0000, 0.7854, 0.1506, 0.7150, 0.00248
4.7124, 0.0000, 0.0000, 0.7854, 0.1506, 0.7150, 0.00256
4.7124, 0.0000, 0.0000, 0.7854, 0.1506, 0.9170, 0.00222
4.7124, 0.0000, 0.0000, 0.7854, 0.1506, 0.9170, 0.00231
4.7124, 0.0000, 0.0000, 0.7854, 0.1506, 0.9170, 0.00240
4.7124, 0.0000, 0.0000, 0.7854, 0.1506, 0.9170, 0.00248
4.7124, 0.0000, 0.0000, 0.7854, 0.1506, 0.9170, 0.00256
4.7124, 0.0000, 0.0000, 0.7854, 0.1506, 1.1190, 0.00222
4.7124, 0.0000, 0.0000, 0.7854, 0.1506, 1.1190, 0.00231
4.7124, 0.0000, 0.0000, 0.7854, 0.1506, 1.1190, 0.00240
4.7124, 0.0000, 0.0000, 0.7854, 0.1506, 1.1190, 0.00248
4.7124, 0.0000, 0.0000, 0.7854, 0.1506, 1.1190, 0.00256
4.7124, 0.0000, 0.0000, 0.7854, 0.1530, 0.6330, 0.00222
4.7124, 0.0000, 0.0000, 0.7854, 0.1530, 0.6330, 0.00231
4.7124, 0.0000, 0.0000, 0.7854, 0.1530, 0.6330, 0.00240
4.7124, 0.0000, 0.0000, 0.7854, 0.1530, 0.6330, 0.00248
4.7124, 0.0000, 0.0000, 0.7854, 0.1530, 0.6330, 0.00256
4.7124, 0.0000, 0.0000, 0.7854, 0.1530, 0.6740, 0.00222
4.7124, 0.0000, 0.0000, 0.7854, 0.1530, 0.6740, 0.00231
4.7124, 0.0000, 0.0000, 0.7854, 0.1530, 0.6740, 0.00240
4.7124, 0.0000, 0.0000, 0.7854, 0.1530, 0.6740, 0.00248
4.7124, 0.0000, 0.0000, 0.7854, 0.1530, 0.6740, 0.00256
4.7124, 0.0000, 0.0000, 0.7854, 0.1530, 0.7150, 0.00222
4.7124, 0.0000, 0.0000, 0.7854, 0.1530, 0.7150, 0.00231
4.7124, 0.0000, 0.0000, 0.7854, 0.1530, 0.7150, 0.00240
4.7124, 0.0000, 0.0000, 0.7854, 0.1530, 0.7150, 0.00248
4.7124, 0.0000, 0.0000, 0.7854, 0.1530, 0.7150, 0.00256
4.7124, 0.0000, 0.0000, 0.7854, 0.1530, 0.9170, 0.00222
4.7124, 0.0000, 0.0000, 0.7854, 0.1530, 0.9170, 0.00231
4.7124, 0.0000, 0.0000, 0.7854, 0.1530, 0.9170, 0.00240
4.7124, 0.0000, 0.0000, 0.7854, 0.1530, 0.9170, 0.00248
4.7124, 0.0000, 0.0000, 0.7854, 0.1530, 0.9170, 0.00256
4.7124, 0.0000, 0.0000, 0.7854, 0.1530, 1.1190, 0.00222
4.7124, 0.0000, 0.0000, 0.7854, 0.1530, 1.1190, 0.00231
4.7124, 0.0000, 0.0000, 0.7854, 0.1530, 1.1190, 0.00240
4.7124, 0.0000, 0.0000, 0.7854, 0.1530, 1.1190, 0.00248
4.7124, 0.0000, 0.0000, 0.7854, 0.1530, 1.1190, 0.00256
4.7124, 0.0000, 0.0000, 1.5708, 0.1434, 0.6330, 0.00222
4.7124, 0.0000, 0.0000, 1.5708, 0.1434, 0.6330, 0.00231
4.7124, 0.0000, 0.0000, 1.5708, 0.1434, 0.6330, 0.00240
4.7124, 0.0000, 0.0000, 1.5708, 0.1434, 0.6330, 0.00248
4.7124, 0.0000, 0.0000, 1.5708, 0.1434, 0.6330, 0.00256
4.7124, 0.0000, 0.0000, 1.5708, 0.1434, 0.6740, 0.00222
4.7124, 0.0000, 0.0000, 1.5708, 0.1434, 0.6740, 0.00231
4.7124, 0.0000, 0.0000, 1.5708, 0.1434, 0.6740, 0.00240
4.7124, 0.0000, 0.0000, 1.5708, 0.1434, 0.6740, 0.00248
4.7124, 0.0000, 0.0000, 1.5708, 0.1434, 0.6740, 0.00256
4.7124, 0.0000, 0.0000, 1.5708, 0.1434, 0.7150, 0.00222
4.7124, 0.0000, 0.0000, 1.5708, 0.1434, 0.7150, 0.00231
4.7124, 0.0000, 0.0000, 1.5708, 0.1434, 0.7150, 0.00240
4.7124, 0.0000, 0.0000, 1.5708, 0.1434, 0.7150, 0.00248
4.7124, 0.0000, 0.0000, 1.5708, 0.1434, 0.7150, 0.00256
4.7124, 0.0000, 0.0000, 1.5708, 0.1434, 0.9170, 0.00222
4.7124, 0.0000, 0.0000, 1.5708, 0.1434, 0.9170, 0.00231
4.7124, 0.0000, 0.0000, 1.5708, 0.1434, 0.9170, 0.00240
4.7124, 0.0000, 0.0000, 1.5708, 0.1434, 0.9170, 0.00248
4.7124, 0.0000, 0.0000, 1.5708, 0.1434, 0.9170, 0.00256
4.7124, 0.0000, 0.0000, 1.5708, 0.1434, 1.1190, 0.00222
4.7124, 0.0000, 0.0000, 1.5708, 0.1434, 1.1190, 0.00231
4.7124, 0.0000, 0.0000, 1.5708, 0.1434, 1.1190, 0.00240
4.7124, 0.0000, 0.0000, 1.5708, 0.1434, 1.1190, 0.00248
4.7124, 0.0000, 0.0000, 1.5708, 0.1434, 1.1190, 0.00256
4.7124, 0.0000, 0.0000, 1.5708, 0.1458, 0.6330, 0.00222
4.7124, 0.0000, 0.0000, 1.5708, 0.1458, 0.6330, 0.00231
4.7124, 0.0000, 0.0000, 1.5708, 0.1458, 0.6330, 0.00240
4.7124, 0.0000, 0.0000, 1.5708, 0.1458, 0.6330, 0.00248
4.7124, 0.0000, 0.0000, 1.5708, 0.1458, 0.6330, 0.00256
4.7124, 0.0000, 0.0000, 1.5708, 0.1458, 0.6740, 0.00222
4.7124, 0.0000, 0.0000, 1.5708, 0.1458, 0.6740, 0.00231
4.7124, 0.0000, 0.0000, 1.5708, 0.1458, 0.6740, 0.00240
4.7124, 0.0000, 0.0000, 1.5708, 0.1458, 0.6740, 0.00248
4.7124, 0.0000, 0.0000, 1.5708, 0.1458, 0.6740, 0.00256
4.7124, 0.0000, 0.0000, 1.5708, 0.1458, 0.7150, 0.00222
4.7124, 0.0000, 0.0000, 1.5708, 0.1458, 0.7150, 0.00231
4.7124, 0.0000, 0.0000, 1.5708, 0.1458, 0.7150, 0.00240
4.7124, 0.0000, 0.0000, 1.5708, 0.1458, 0.7150, 0.00248
4.7124, 0.0000, 0.0000, 1.5708, 0.1458, 0.7150, 0.00256
4.7124, 0.0000, 0.0000, 1.5708, 0.1458, 0.9170, 0.00222
4.7124, 0.0000, 0.0000, 1.5708, 0.1458, 0.9170, 0.00231
4.7124, 0.0000, 0.0000, 1.5708, 0.1458, 0.9170, 0.00240
4.7124, 0.0000, 0.0000, 1.5708, 0.1458, 0.9170, 0.00248
4.7124, 0.0000, 0.0000, 1.5708, 0.1458, 0.9170, 0.00256
4.7124, 0.0000, 0.0000, 1.5708, 0.1458, 1.1190, 0.00222
4.7124, 0.0000, 0.0000, 1.5708, 0.1458, 1.1190, 0.00231
4.7124, 0.0000, 0.0000, 1.5708, 0.1458, 1.1190, 0.00240
4.7124, 0.0000, 0.0000, 1.5708, 0.1458, 1.1190, 0.00248
4.7124, 0.0000, 0.0000, 1.5708, 0.1458, 1.1190, 0.00256
4.7124, 0.0000, 0.0000, 1.5708, 0.1482, 0.6330, 0.00222
4.7124, 0.0000, 0.0000, 1.5708, 0.1482, 0.6330, 0.00231
4.7124, 0.0000, 0.0000, 1.5708, 0.1482, 0.6330, 0.00240
4.7124, 0.0000, 0.0000, 1.5708, 0.1482, 0.6330, 0.00248
4.7124, 0.0000, 0.0000, 1.5708, 0.1482, 0.6330, 0.00256
4.7124, 0.0000, 0.0000, 1.5708, 0.1482, 0.6740, 0.00222
4.7124, 0.0000, 0.0000, 1.5708, 0.1482, 0.6740, 0.00231
4.7124, 0.0000, 0.0000, 1.5708, 0.1482, 0.6740, 0.00240
4.7124, 0.0000, 0.0000, 1.5708, 0.1482, 0.6740, 0.00248
4.7124, 0.0000, 0.0000, 1.5708, 0.1482, 0.6740, 0.00256
4.7124, 0.0000, 0.0000, 1.5708, 0.1482, 0.7150, 0.00222
4.7124, 0.0000, 0.0000, 1.5708, 0.1482, 0.7150, 0.00231
4.7124, 0.0000, 0.0000, 1.5708, 0.1482, 0.7150, 0.00240
4.7124, 0.0000, 0.0000, 1.5708, 0.1482, 0.7150, 0.00248
4.7124, 0.0000, 0.0000, 1.5708, 0.1482, 0.7150, 0.00256
4.7124, 0.0000, 0.0000, 1.5708, 0.1482, 0.9170, 0.00222
4.7124, 0.0000, 0.0000, 1.5708, 0.1482, 0.9170, 0.00231
4.7124, 0.0000, 0.0000, 1.5708, 0.1482, 0.9170, 0.00240
4.7124, 0.0000, 0.0000, 1.5708, 0.1482, 0.9170, 0.00248
4.7124, 0.0000, 0.0000, 1.5708, 0.1482, 0.9170, 0.00256
4.7124, 0.0000, 0.0000, 1.5708, 0.1482, 1.1190, 0.00222
4.7124, 0.0000, 0.0000, 1.5708, 0.1482, 1.1190, 0.00231
4.7124, 0.0000, 0.0000, 1.5708, 0.1482, 1.1190, 0.00240
4.7124, 0.0000, 0.0000, 1.5708, 0.1482, 1.1190, 0.00248
4.7124, 0.0000, 0.0000, 1.5708, 0.1482, 1.1190, 0.00256
4.7124, 0.0000, 0.0000, 1.5708, 0.1506, 0.6330, 0.00222
4.7124, 0.0000, 0.0000, 1.5708, 0.1506, 0.6330, 0.00231
4.7124, 0.0000, 0.0000, 1.5708, 0.1506, 0.6330, 0.00240
4.7124, 0.0000, 0.0000, 1.5708, 0.1506, 0.6330, 0.00248
4.7124, 0.0000, 0.0000, 1.5708, 0.1506, 0.6330, 0.00256
4.7124, 0.0000, 0.0000, 1.5708, 0.1506, 0.6740, 0.00222
4.7124, 0.0000, 0.0000, 1.5708, 0.1506, 0.6740, 0.00231
4.7124, 0.0000, 0.0000, 1.5708, 0.1506, 0.6740, 0.00240
4.7124, 0.0000, 0.0000, 1.5708, 0.1506, 0.6740, 0.00248
4.7124, 0.0000, 0.0000, 1.5708, 0.1506, 0.6740, 0.00256
4.7124, 0.0000, 0.0000, 1.5708, 0.1506, 0.7150, 0.00222
4.7124, 0.0000, 0.0000, 1.5708, 0.1506, 0.7150, 0.00231
4.7124, 0.0000, 0.0000, 1.5708, 0.1506, 0.7150, 0.00240
4.7124, 0.0000, 0.0000, 1.5708, 0.1506, 0.7150, 0.00248
4.7124, 0.0000, 0.0000, 1.5708, 0.1506, 0.7150, 0.00256
4.7124, 0.0000, 0.0000, 1.5708, 0.1506, 0.9170, 0.00222
4.7124, 0.0000, 0.0000, 1.5708, 0.1506, 0.9170, 0.00231
4.7124, 0.0000, 0.0000, 1.5708, 0.1506, 0.9170, 0.00240
4.7124, 0.0000, 0.0000, 1.5708, 0.1506, 0.9170, 0.00248
4.7124, 0.0000, 0.0000, 1.5708, 0.1506, 0.9170, 0.00256
4.7124, 0.0000, 0.0000, 1.5708, 0.1506, 1.1190, 0.00222
4.7124, 0.0000, 0.0000, 1.5708, 0.1506, 1.1190, 0.00231
4.7124, 0.0000, 0.0000, 1.5708, 0.1506, 1.1190, 0.00240
4.7124, 0.0000, 0.0000, 1.5708, 0.1506, 1.1190, 0.00248
4.7124, 0.0000, 0.0000, 1.5708, 0.1506, 1.1190, 0.00256
4.7124, 0.0000, 0.0000, 1.5708, 0.1530, 0.6330, 0.00222
4.7124, 0.0000, 0.0000, 1.5708, 0.1530, 0.6330, 0.00231
4.7124, 0.0000, 0.0000, 1.5708, 0.1530, 0.6330, 0.00240
4.7124, 0.0000, 0.0000, 1.5708, 0.1530, 0.6330, 0.00248
4.7124, 0.0000, 0.0000, 1.5708, 0.1530, 0.6330, 0.00256
4.7124, 0.0000, 0.0000, 1.5708, 0.1530, 0.6740, 0.00222
4.7124, 0.0000, 0.0000, 1.5708, 0.1530, 0.6740, 0.00231
4.7124, 0.0000, 0.0000, 1.5708, 0.1530, 0.6740, 0.00240
4.7124, 0.0000, 0.0000, 1.5708, 0.1530, 0.6740, 0.00248
4.7124, 0.0000, 0.0000, 1.5708, 0.1530, 0.6740, 0.00256
4.7124, 0.0000, 0.0000, 1.5708, 0.1530, 0.7150, 0.00222
4.7124, 0.0000, 0.0000, 1.5708, 0.1530, 0.7150, 0.00231
4.7124, 0.0000, 0.0000, 1.5708, 0.1530, 0.7150, 0.00240
4.7124, 0.0000, 0.0000, 1.5708, 0.1530, 0.7150, 0.00248
4.7124, 0.0000, 0.0000, 1.5708, 0.1530, 0.7150, 0.00256
4.7124, 0.0000, 0.0000, 1.5708, 0.1530, 0.9170, 0.00222
4.7124, 0.0000, 0.0000, 1.5708, 0.1530, 0.9170, 0.00231
4.7124, 0.0000, 0.0000, 1.5708, 0.1530, 0.9170, 0.00240
4.7124, 0.0000, 0.0000, 1.5708, 0.1530, 0.9170, 0.00248
4.7124, 0.0000, 0.0000, 1.5708, 0.1530, 0.9170, 0.00256
4.7124, 0.0000, 0.0000, 1.5708, 0.1530, 1.1190, 0.00222
4.7124, 0.0000, 0.0000, 1.5708, 0.1530, 1.1190, 0.00231
4.7124, 0.0000, 0.0000, 1.5708, 0.1530, 1.1190, 0.00240
4.7124, 0.0000, 0.0000, 1.5708, 0.1530, 1.1190, 0.00248
4.7124, 0.0000, 0.0000, 1.5708, 0.1530, 1.1190, 0.00256